height.dat <-
structure(list(id = c(1, 1, 1, 1, 1, 1, 1, 1, 1, 1, 1, 2, 2, 
2, 2, 2, 2, 2, 2, 2, 3, 3, 3, 3, 3, 3, 3, 3, 4, 4, 4, 4, 4, 4, 
4, 4, 4, 4, 5, 5, 5, 5, 5, 5, 5, 5, 5, 5, 5, 6, 6, 6, 6, 6, 6, 
6, 6, 6, 6, 7, 7, 7, 7, 7, 7, 7, 7, 7, 8, 8, 8, 8, 8, 8, 8, 8, 
8, 8, 8, 9, 9, 9, 9, 9, 9, 9, 9, 9, 9, 9, 10, 10, 10, 10, 10, 
10, 10, 10, 11, 11, 11, 11, 11, 11, 11, 11, 11, 11, 11, 12, 12, 
12, 12, 12, 12, 12, 12, 12, 12, 12, 13, 13, 13, 13, 13, 13, 13, 
13, 13, 13, 13, 13, 14, 14, 14, 14, 14, 14, 14, 14, 14, 14, 14, 
14, 15, 15, 15, 15, 15, 15, 15, 15, 15, 15, 15, 15, 16, 16, 16, 
16, 16, 16, 16, 16, 16, 16, 17, 17, 17, 17, 17, 17, 17, 17, 17, 
17, 18, 18, 18, 18, 18, 18, 18, 18, 18, 18, 18, 19, 19, 19, 19, 
19, 19, 19, 19, 19, 19, 19, 20, 20, 20, 20, 20, 20, 20, 21, 21, 
21, 21, 21, 21, 21, 22, 22, 22, 22, 22, 22, 22, 22, 22, 22, 22, 
23, 23, 23, 23, 23, 23, 23, 23, 23, 23, 23, 24, 24, 24, 24, 24, 
24, 24, 24, 24, 24, 25, 25, 25, 25, 25, 25, 25, 25, 25, 26, 26, 
26, 26, 26, 26, 26, 26, 26, 26, 26, 27, 27, 27, 27, 27, 27, 27, 
27, 27, 27, 28, 28, 28, 28, 28, 28, 28, 28, 28, 28, 28, 29, 29, 
29, 29, 29, 29, 29, 29, 30, 30, 30, 30, 30, 30, 30, 30, 30, 30, 
31, 31, 31, 31, 31, 31, 31, 31, 31, 32, 32, 32, 32, 32, 32, 32, 
32, 32, 33, 33, 33, 33, 33, 33, 33, 33, 33, 33, 34, 34, 34, 34, 
34, 34, 34, 34, 34, 34, 34, 35, 35, 35, 35, 35, 35, 35, 35, 35, 
35, 35, 36, 36, 36, 36, 36, 36, 36, 36, 36, 37, 37, 37, 37, 37, 
37, 37, 37, 37, 38, 38, 38, 38, 38, 38, 38, 38, 38, 38, 38, 38, 
39, 39, 39, 39, 39, 39, 39, 39, 39, 40, 40, 40, 40, 40, 40, 40, 
40, 40, 40, 40, 40, 41, 41, 41, 41, 41, 42, 42, 42, 42, 42, 42, 
42, 42, 42, 42, 42, 43, 43, 43, 43, 43, 43, 43, 43, 43, 43, 43, 
44, 44, 44, 44, 44, 44, 44, 44, 44, 44, 44, 45, 45, 45, 45, 45, 
45, 45, 45, 45, 45, 46, 46, 46, 46, 46, 46, 46, 46, 46, 46, 47, 
47, 47, 47, 47, 47, 47, 47, 47, 47, 47, 48, 48, 48, 48, 48, 48, 
48, 48, 48, 48, 49, 49, 49, 49, 49, 49, 49, 49, 49, 49, 49, 50, 
50, 50, 50, 50, 50, 50, 50, 50, 50, 51, 51, 51, 51, 51, 51, 51, 
51, 51, 51, 51, 52, 52, 52, 52, 52, 52, 52, 52, 52, 52, 53, 53, 
53, 53, 53, 53, 53, 53, 53, 53, 53, 54, 54, 54, 54, 54, 54, 54, 
54, 54, 54, 54, 55, 55, 55, 55, 55, 55, 55, 55, 55, 55, 56, 56, 
56, 56, 56, 56, 56, 56, 57, 57, 57, 57, 57, 57, 57, 57, 57, 57, 
57, 58, 58, 58, 58, 58, 58, 58, 58, 58, 59, 59, 59, 59, 59, 59, 
59, 59, 59, 59, 59, 60, 60, 60, 60, 60, 60, 60, 60, 60, 60, 60, 
61, 61, 61, 61, 61, 61, 61, 61, 61, 61, 62, 62, 62, 62, 62, 62, 
62, 62, 62, 62, 63, 63, 63, 63, 63, 63, 63, 63, 63, 63, 63, 64, 
64, 64, 64, 64, 64, 64, 64, 64, 64, 65, 65, 65, 65, 65, 65, 65, 
65, 65, 65, 65, 65, 66, 66, 66, 66, 66, 66, 66, 66, 66, 66, 66, 
66, 67, 67, 67, 67, 67, 67, 67, 67, 67, 67, 67, 68, 68, 68, 68, 
68, 68, 68, 68, 68, 68, 68, 69, 69, 69, 69, 69, 69, 69, 69, 69, 
70, 70, 70, 70, 70, 70, 70, 70, 70, 70, 71, 71, 71, 71, 71, 71, 
71, 71, 71, 71, 72, 72, 72, 72, 72, 72, 72, 72, 72, 72, 73, 73, 
73, 73, 73, 73, 73, 73, 73, 73, 74, 74, 74, 74, 74, 74, 74, 74, 
74, 74, 74, 75, 75, 75, 75, 75, 75, 75, 75, 76, 76, 76, 76, 76, 
76, 76, 76, 76, 76, 77, 77, 77, 77, 77, 77, 77, 77, 77, 77, 77, 
78, 78, 78, 78, 78, 78, 78, 78, 78, 78, 78, 79, 79, 79, 79, 79, 
79, 79, 79, 79, 80, 80, 80, 80, 80, 80, 80, 80, 80, 81, 81, 81, 
81, 81, 81, 81, 81, 81, 81, 81, 82, 82, 82, 82, 82, 82, 82, 82, 
82, 83, 83, 83, 83, 83, 83, 83, 83, 83, 83, 83, 84, 84, 84, 84, 
84, 84, 84, 84, 84, 84, 84, 85, 85, 85, 85, 85, 85, 85, 85, 85, 
85, 85, 86, 86, 86, 86, 86, 86, 86, 86, 86, 86, 86, 87, 87, 87, 
87, 87, 87, 87, 87, 87, 87, 88, 88, 88, 88, 88, 88, 88, 88, 88, 
89, 89, 89, 89, 89, 89, 89, 89, 89, 89, 90, 90, 90, 90, 90, 90, 
90, 90, 90, 90, 91, 91, 91, 91, 91, 91, 91, 91, 91, 91, 91, 92, 
92, 92, 92, 92, 92, 92, 92, 92, 92, 92, 93, 93, 93, 93, 93, 93, 
93, 93, 93, 93, 93, 94, 94, 94, 94, 94, 94, 94, 94, 94, 94, 94, 
95, 95, 95, 95, 95, 95, 95, 95, 95, 95, 95, 96, 96, 96, 96, 96, 
96, 96, 96, 96, 97, 97, 97, 97, 97, 97, 97, 97, 97, 97, 97, 98, 
98, 98, 98, 98, 98, 98, 98, 98, 98, 98, 99, 99, 99, 99, 99, 99, 
99, 99, 99, 99, 100, 100, 100, 100, 100, 100, 100, 100, 100, 
100, 100, 101, 101, 101, 101, 101, 101, 101, 101, 102, 102, 102, 
102, 102, 102, 102, 102, 102, 102, 102, 102, 103, 103, 103, 103, 
103, 103, 103, 103, 103, 103, 103, 103, 104, 104, 104, 104, 104, 
104, 104, 104, 104, 104, 104, 105, 105, 105, 105, 105, 105, 105, 
105, 105, 105, 105, 106, 106, 106, 106, 106, 106, 106, 106, 106, 
106, 107, 107, 107, 107, 107, 107, 107, 107, 107, 107, 107, 108, 
108, 108, 108, 108, 108, 108, 108, 108, 108, 109, 109, 109, 109, 
109, 109, 109, 109, 109, 109, 110, 110, 110, 110, 110, 110, 110, 
110, 110, 110, 111, 111, 111, 111, 111, 111, 111, 111, 111, 111, 
111, 112, 112, 112, 112, 112, 112, 112, 112, 112, 112, 112, 113, 
113, 113, 113, 113, 113, 113, 113, 113, 113, 114, 114, 114, 114, 
114, 114, 114, 114, 114, 114, 114, 114, 115, 115, 115, 115, 115, 
115, 115, 115, 115, 115, 115, 115, 116, 116, 116, 116, 116, 116, 
116, 116, 116, 116, 116, 117, 117, 117, 117, 117, 117, 117, 117, 
117, 117, 117, 118, 118, 118, 118, 118, 118, 118, 118, 118, 118, 
118, 118, 119, 119, 119, 119, 119, 119, 119, 119, 119, 119, 119, 
119, 120, 120, 120, 120, 120, 120, 120, 120, 120, 120, 120, 120, 
121, 121, 121, 121, 121, 121, 121, 121, 121, 121, 121, 121, 122, 
122, 122, 122, 122, 122, 122, 122, 122, 122, 122, 122, 123, 123, 
123, 123, 123, 123, 123, 123, 123, 123, 123, 123, 124, 124, 124, 
124, 124, 124, 124, 124, 124, 124, 124, 124, 125, 125, 125, 125, 
125, 125, 125, 125, 125, 125, 125, 125, 126, 126, 126, 126, 126, 
126, 126, 126, 126, 126, 126, 126, 127, 127, 127, 127, 127, 127, 
127, 127, 127, 127, 128, 128, 128, 128, 128, 128, 128, 128, 128, 
128, 128, 128, 129, 129, 129, 129, 129, 129, 129, 129, 129, 129, 
129, 129, 130, 130, 130, 130, 130, 130, 130, 130, 130, 130, 130, 
131, 131, 131, 131, 131, 131, 131, 131, 131, 131, 131, 132, 132, 
132, 132, 132, 132, 132, 132, 132, 132, 132, 132, 133, 133, 133, 
133, 133, 133, 133, 133, 133, 133, 133, 134, 134, 134, 134, 134, 
134, 134, 134, 134, 134, 134, 134), sex = c(1, 1, 1, 1, 1, 1, 
1, 1, 1, 1, 1, 1, 1, 1, 1, 1, 1, 1, 1, 1, 1, 1, 1, 1, 1, 1, 1, 
1, 1, 1, 1, 1, 1, 1, 1, 1, 1, 1, 1, 1, 1, 1, 1, 1, 1, 1, 1, 1, 
1, 1, 1, 1, 1, 1, 1, 1, 1, 1, 1, 0, 0, 0, 0, 0, 0, 0, 0, 0, 1, 
1, 1, 1, 1, 1, 1, 1, 1, 1, 1, 1, 1, 1, 1, 1, 1, 1, 1, 1, 1, 1, 
1, 1, 1, 1, 1, 1, 1, 1, 1, 1, 1, 1, 1, 1, 1, 1, 1, 1, 1, 0, 0, 
0, 0, 0, 0, 0, 0, 0, 0, 0, 0, 0, 0, 0, 0, 0, 0, 0, 0, 0, 0, 0, 
0, 0, 0, 0, 0, 0, 0, 0, 0, 0, 0, 0, 0, 0, 0, 0, 0, 0, 0, 0, 0, 
0, 0, 0, 0, 0, 0, 0, 0, 0, 0, 0, 0, 0, 0, 0, 0, 0, 0, 0, 0, 0, 
0, 0, 0, 0, 0, 0, 0, 0, 0, 0, 0, 0, 0, 0, 0, 0, 0, 0, 0, 0, 0, 
0, 0, 0, 0, 0, 0, 0, 0, 0, 0, 0, 0, 0, 0, 0, 0, 0, 0, 0, 0, 0, 
0, 0, 0, 0, 0, 0, 0, 0, 0, 0, 0, 0, 0, 0, 0, 0, 0, 0, 0, 0, 0, 
0, 0, 0, 0, 0, 0, 0, 1, 1, 1, 1, 1, 1, 1, 1, 1, 0, 0, 0, 0, 0, 
0, 0, 0, 0, 0, 0, 0, 0, 0, 0, 0, 0, 0, 0, 0, 0, 0, 0, 0, 0, 0, 
0, 0, 0, 0, 0, 0, 1, 1, 1, 1, 1, 1, 1, 1, 1, 1, 1, 1, 1, 1, 1, 
1, 1, 1, 1, 1, 1, 1, 1, 1, 1, 1, 1, 1, 1, 1, 1, 1, 1, 1, 1, 1, 
0, 0, 0, 0, 0, 0, 0, 0, 0, 0, 0, 0, 0, 0, 0, 0, 0, 0, 0, 0, 0, 
0, 0, 0, 0, 0, 0, 0, 0, 0, 0, 0, 0, 0, 0, 0, 0, 0, 0, 0, 0, 0, 
0, 0, 0, 0, 0, 0, 0, 0, 0, 0, 0, 0, 0, 0, 0, 0, 0, 0, 0, 0, 0, 
0, 0, 0, 0, 0, 0, 0, 0, 1, 1, 1, 1, 1, 1, 1, 1, 1, 1, 1, 1, 0, 
0, 0, 0, 0, 1, 1, 1, 1, 1, 1, 1, 1, 1, 1, 1, 1, 1, 1, 1, 1, 1, 
1, 1, 1, 1, 1, 0, 0, 0, 0, 0, 0, 0, 0, 0, 0, 0, 1, 1, 1, 1, 1, 
1, 1, 1, 1, 1, 0, 0, 0, 0, 0, 0, 0, 0, 0, 0, 0, 0, 0, 0, 0, 0, 
0, 0, 0, 0, 0, 1, 1, 1, 1, 1, 1, 1, 1, 1, 1, 1, 1, 1, 1, 1, 1, 
1, 1, 1, 1, 1, 0, 0, 0, 0, 0, 0, 0, 0, 0, 0, 0, 0, 0, 0, 0, 0, 
0, 0, 0, 0, 0, 0, 0, 0, 0, 0, 0, 0, 0, 0, 0, 0, 0, 0, 0, 0, 0, 
0, 0, 0, 0, 0, 1, 1, 1, 1, 1, 1, 1, 1, 1, 1, 1, 0, 0, 0, 0, 0, 
0, 0, 0, 0, 0, 1, 1, 1, 1, 1, 1, 1, 1, 1, 1, 1, 1, 1, 1, 1, 1, 
1, 1, 1, 1, 1, 1, 1, 1, 1, 1, 1, 1, 0, 0, 0, 0, 0, 0, 0, 0, 0, 
0, 0, 0, 0, 0, 0, 0, 0, 0, 0, 0, 0, 0, 0, 0, 0, 0, 0, 0, 0, 0, 
0, 0, 1, 1, 1, 1, 1, 1, 1, 1, 1, 1, 0, 0, 0, 0, 0, 0, 0, 0, 0, 
0, 0, 1, 1, 1, 1, 1, 1, 1, 1, 1, 1, 0, 0, 0, 0, 0, 0, 0, 0, 0, 
0, 0, 0, 1, 1, 1, 1, 1, 1, 1, 1, 1, 1, 1, 1, 1, 1, 1, 1, 1, 1, 
1, 1, 1, 1, 1, 0, 0, 0, 0, 0, 0, 0, 0, 0, 0, 0, 0, 0, 0, 0, 0, 
0, 0, 0, 0, 0, 0, 0, 0, 0, 0, 0, 0, 0, 0, 1, 1, 1, 1, 1, 1, 1, 
1, 1, 1, 1, 1, 1, 1, 1, 1, 1, 1, 1, 1, 0, 0, 0, 0, 0, 0, 0, 0, 
0, 0, 0, 0, 0, 0, 0, 0, 0, 0, 0, 0, 0, 0, 0, 0, 0, 0, 0, 0, 0, 
0, 0, 0, 0, 0, 0, 0, 0, 0, 0, 0, 0, 0, 0, 0, 0, 0, 0, 0, 0, 0, 
1, 1, 1, 1, 1, 1, 1, 1, 1, 1, 1, 1, 1, 1, 1, 1, 1, 1, 1, 1, 1, 
1, 1, 1, 1, 1, 1, 1, 1, 0, 0, 0, 0, 0, 0, 0, 0, 0, 0, 0, 1, 1, 
1, 1, 1, 1, 1, 1, 1, 1, 1, 1, 1, 1, 1, 1, 1, 1, 1, 1, 1, 1, 1, 
1, 1, 1, 1, 1, 1, 1, 1, 0, 0, 0, 0, 0, 0, 0, 0, 0, 0, 0, 0, 0, 
0, 0, 0, 0, 0, 0, 0, 0, 0, 1, 1, 1, 1, 1, 1, 1, 1, 1, 1, 1, 1, 
1, 1, 1, 1, 1, 1, 1, 0, 0, 0, 0, 0, 0, 0, 0, 0, 0, 1, 1, 1, 1, 
1, 1, 1, 1, 1, 1, 0, 0, 0, 0, 0, 0, 0, 0, 0, 0, 0, 1, 1, 1, 1, 
1, 1, 1, 1, 1, 1, 1, 1, 1, 1, 1, 1, 1, 1, 1, 1, 1, 1, 1, 1, 1, 
1, 1, 1, 1, 1, 1, 1, 1, 0, 0, 0, 0, 0, 0, 0, 0, 0, 0, 0, 0, 0, 
0, 0, 0, 0, 0, 0, 0, 1, 1, 1, 1, 1, 1, 1, 1, 1, 1, 1, 1, 1, 1, 
1, 1, 1, 1, 1, 1, 1, 1, 1, 1, 1, 1, 1, 1, 1, 1, 1, 1, 0, 0, 0, 
0, 0, 0, 0, 0, 0, 0, 0, 1, 1, 1, 1, 1, 1, 1, 1, 0, 0, 0, 0, 0, 
0, 0, 0, 0, 0, 0, 0, 1, 1, 1, 1, 1, 1, 1, 1, 1, 1, 1, 1, 1, 1, 
1, 1, 1, 1, 1, 1, 1, 1, 1, 0, 0, 0, 0, 0, 0, 0, 0, 0, 0, 0, 1, 
1, 1, 1, 1, 1, 1, 1, 1, 1, 1, 1, 1, 1, 1, 1, 1, 1, 1, 1, 1, 1, 
1, 1, 1, 1, 1, 1, 1, 1, 1, 1, 1, 1, 1, 1, 1, 1, 1, 1, 1, 0, 0, 
0, 0, 0, 0, 0, 0, 0, 0, 1, 1, 1, 1, 1, 1, 1, 1, 1, 1, 1, 0, 0, 
0, 0, 0, 0, 0, 0, 0, 0, 0, 0, 0, 0, 0, 0, 0, 0, 0, 0, 0, 1, 1, 
1, 1, 1, 1, 1, 1, 1, 1, 1, 1, 0, 0, 0, 0, 0, 0, 0, 0, 0, 0, 0, 
0, 1, 1, 1, 1, 1, 1, 1, 1, 1, 1, 1, 1, 1, 1, 1, 1, 1, 1, 1, 1, 
1, 1, 0, 0, 0, 0, 0, 0, 0, 0, 0, 0, 0, 0, 1, 1, 1, 1, 1, 1, 1, 
1, 1, 1, 1, 1, 0, 0, 0, 0, 0, 0, 0, 0, 0, 0, 0, 0, 1, 1, 1, 1, 
1, 1, 1, 1, 1, 1, 1, 1, 1, 1, 1, 1, 1, 1, 1, 1, 1, 1, 1, 1, 0, 
0, 0, 0, 0, 0, 0, 0, 0, 0, 0, 0, 1, 1, 1, 1, 1, 1, 1, 1, 1, 1, 
1, 1, 1, 1, 1, 1, 1, 1, 1, 1, 1, 1, 1, 1, 1, 1, 1, 1, 1, 1, 1, 
1, 1, 1, 1, 1, 0, 0, 0, 0, 0, 0, 0, 0, 0, 0, 1, 1, 1, 1, 1, 1, 
1, 1, 1, 1, 1, 1, 1, 1, 1, 1, 1, 1, 1, 1, 1, 1, 1, 1, 0, 0, 0, 
0, 0, 0, 0, 0, 0, 0, 0, 1, 1, 1, 1, 1, 1, 1, 1, 1, 1, 1, 0, 0, 
0, 0, 0, 0, 0, 0, 0, 0, 0, 0, 0, 0, 0, 0, 0, 0, 0, 0, 0, 0, 0, 
1, 1, 1, 1, 1, 1, 1, 1, 1, 1, 1, 1), height = c(121.1, 126.4, 
132, 138.5, 143.8, 156.6, 161.6, 163.9, 164.7, 164.6, 165.8, 
124.2, 130.8, 136.1, 141.4, 148, 165, 168.7, 171, 170.6, 117.4, 
123.1, 128.1, 132.9, 138.6, 153.8, 156, 159.6, 120.4, 126.4, 
133.5, 140, 150.5, 161.1, 163.3, 163.8, 164.6, 163.6, 115.8, 
120.9, 127.4, 132.4, 141, 152.6, 155.3, 155.4, 156.2, 155.3, 
156, 118, 122.6, 127.6, 132.4, 135, 145.5, 152.2, 157.3, 158.5, 
159.5, 119.5, 123.6, 128.8, 132, 136.2, 143.7, 147.4, 167.4, 
175.2, 117.7, 122.4, 126.8, 131.4, 135.8, 146, 154, 156, 157, 
156.9, 157.8, 124.6, 130.6, 137, 142.6, 148, 160.7, 163.3, 164.4, 
165, 165.8, 164.6, 122.6, 128.8, 133.5, 139.4, 145.4, 164, 166.6, 
167, 109.8, 113, 116, 119.4, 122.6, 132.6, 137.8, 140.4, 142.4, 
141.1, 142.5, 127.6, 135, 141.4, 146.2, 153, 173, 178.2, 180.5, 
181.8, 181.7, 182, 121.6, 127.4, 134.2, 140.4, 144.7, 149.8, 
159.2, 166.4, 168.9, 171.2, 171.1, 170.8, 116.6, 122.2, 127.4, 
132.6, 138.4, 143.2, 150.1, 160.2, 168.2, 171.5, 173.4, 174.2, 
124.4, 131.4, 137.4, 143.7, 147.9, 152.1, 156.4, 162.4, 171.4, 
177.2, 180.2, 181.5, 126.4, 131.4, 136.4, 140.4, 146.2, 150.4, 
155.2, 161.5, 171, 178.8, 129.6, 137, 142.4, 148.4, 157.2, 162.6, 
168.8, 172.2, 179.2, 183.5, 128.1, 133.3, 140.8, 146.1, 156.6, 
165.7, 175.7, 181.1, 183.5, 183.5, 183.7, 118.8, 124.8, 131, 
135.5, 144.4, 149, 153, 159.5, 165.5, 169, 170.8, 130.6, 136.4, 
175.6, 179.4, 181.9, 181.5, 182.2, 115.9, 121, 126, 129.9, 137.8, 
149.7, 169.8, 124.4, 130.5, 137, 141.4, 154.6, 163, 170.5, 173.3, 
174.8, 175.4, 176, 122.1, 127.8, 133.6, 138.9, 152, 161.5, 166.2, 
169.9, 170.5, 171.7, 172.5, 118.3, 123.5, 129.3, 133.6, 146.9, 
151.6, 161.8, 166, 168.4, 170.2, 129.1, 136, 142.2, 149.9, 159.6, 
162.5, 164, 164.8, 165.5, 120, 126, 131, 136.7, 146.6, 156.6, 
166.9, 173.4, 177.5, 179, 179.3, 120.6, 127.8, 133.6, 138.4, 
151.2, 163, 171.7, 178, 179.4, 179.8, 125.2, 130.6, 136.4, 141.8, 
157.6, 167.5, 173.1, 175.2, 176.5, 176.8, 176.4, 121.9, 127.2, 
132.2, 136.8, 145.7, 152, 159.8, 165.2, 117.7, 123.2, 127.4, 
131.7, 141.3, 146, 152.9, 157, 158.7, 159.4, 120.6, 126.8, 131, 
137, 149.1, 155, 159, 160, 159.8, 118.2, 123, 133.4, 148, 154.2, 
156, 158.2, 158.5, 157.8, 117, 123, 128.4, 132.2, 144.3, 149.8, 
160.5, 169, 175.4, 176.1, 116, 121.6, 126.6, 132, 143.9, 149.9, 
157.4, 167.3, 172.5, 174.8, 176.1, 119.8, 125.5, 129.2, 135.4, 
145, 153, 163.2, 170, 172, 173.5, 173, 113.3, 119.2, 123, 128.4, 
141.4, 145.6, 158.6, 161.5, 162.7, 116.5, 122.7, 127.2, 132.6, 
145, 151.1, 162.4, 166.3, 167.5, 118.8, 124, 129, 134, 137.8, 
142.4, 147.7, 157.8, 165.6, 169, 169.8, 171.6, 122.8, 128.4, 
134.2, 140.2, 153.8, 159.4, 170.5, 175.1, 176, 122.5, 130, 135, 
143.6, 152.7, 156.9, 158.8, 158.9, 159.5, 160, 159.9, 159.3, 
115.4, 119.8, 127.5, 131.8, 170.5, 122, 128.2, 134.3, 139.6, 
144.8, 151.2, 159.8, 164.2, 165, 165.5, 166.1, 122.2, 127.4, 
134.8, 148.6, 151.7, 152.7, 153.1, 153.4, 153.5, 153.7, 153.4, 
120.8, 126.6, 131.9, 139.9, 143.7, 146.7, 150.8, 156, 163.5, 
168.7, 172.9, 110.4, 115, 129, 133.5, 139, 146.9, 150.8, 152.5, 
153.1, 153.2, 122.8, 128.5, 132.8, 142.2, 147.1, 154.4, 162.8, 
166.8, 169.9, 170.7, 123.4, 128.7, 133.4, 144, 151.6, 161.4, 
167.3, 169.5, 170.5, 170.7, 171.1, 124.6, 130.4, 136, 145.2, 
152.8, 164, 164.5, 166.4, 168.1, 167.7, 117, 123.6, 131.4, 145.8, 
151.5, 154.1, 156.2, 156.4, 156.7, 156.9, 157.2, 119.6, 125.3, 
130.2, 140.4, 146.2, 151.5, 168.2, 172, 173.2, 173.4, 118.9, 
124.6, 129, 138, 142, 147.7, 154.7, 161.5, 169.8, 174.2, 178.7, 
116.9, 122.4, 126.8, 136.7, 140.5, 143.8, 147.5, 150.2, 155.5, 
162.9, 121, 127.6, 133.5, 143.4, 148.1, 155.9, 164.7, 173, 177.5, 
179.6, 181.2, 118.4, 124.1, 128.4, 138.3, 144.9, 152.5, 157, 
159.3, 160.5, 160.4, 160.7, 116.4, 121.8, 127.3, 140.7, 145.3, 
147.4, 155, 165.7, 171.8, 173.5, 123.4, 127.8, 131.6, 140.9, 
145.3, 150.4, 162.9, 163, 129.8, 135.1, 143.7, 160.3, 162.3, 
165.5, 165.8, 165.5, 165.7, 165.7, 166.5, 132, 139, 145.2, 156.5, 
163.8, 173.6, 176.5, 178.5, 178.6, 131.4, 136.5, 142, 150.5, 
156.8, 162, 172, 178, 179.8, 181, 181.5, 123.6, 129.6, 135.2, 
148.5, 159, 167.4, 169.3, 170.2, 170.8, 171.1, 172, 122, 128, 
132.5, 141, 145.4, 149.5, 152.7, 167.5, 172, 174, 129.4, 135.6, 
141.4, 151.6, 158.3, 164.5, 168.5, 172.1, 173.5, 173.7, 124.6, 
129.2, 135.4, 145.3, 151.7, 160.8, 168.5, 172.7, 175.8, 176.7, 
176.9, 115.4, 121.4, 126.4, 137.2, 150.4, 152.5, 154.2, 155.2, 
155.7, 156.2, 132.7, 138.7, 145.4, 151.7, 156.2, 164, 168.8, 
177.7, 185, 189.4, 191.2, 191.4, 124, 128.9, 135.2, 138.6, 143.3, 
151.9, 160, 162.5, 164.4, 165.1, 165.4, 166.4, 132.5, 138.3, 
148.4, 156.8, 163.4, 169.8, 172.3, 171.9, 173.5, 174, 174.8, 
129.2, 135.5, 147.2, 152.4, 159.1, 167.9, 176.4, 181.4, 183, 
183.6, 184.5, 117.2, 121.3, 130.6, 135.4, 140.4, 145.3, 152.6, 
160.5, 166.8, 120.6, 127, 137.7, 144, 151, 155, 161.5, 171.8, 
178.6, 181, 115.8, 120, 129.5, 133.8, 141.4, 149.8, 157.4, 160, 
162.3, 163, 113.6, 118.2, 127.6, 131.3, 136.7, 143.5, 155.4, 
157.1, 157.6, 157.8, 118, 124.1, 134.4, 139.3, 144.8, 149.7, 
156, 165, 172.2, 175.5, 123.9, 130.2, 140.9, 146.6, 151.9, 156.8, 
164.7, 171.7, 175.8, 176.4, 177.6, 128.9, 135.7, 159.8, 164.7, 
174.5, 177, 178.5, 179.8, 119.2, 124.8, 134, 140.6, 149.8, 160.8, 
167.3, 169.7, 170, 170.5, 124.6, 131.2, 142, 146, 151.3, 156.6, 
160, 164.8, 170.7, 177.2, 179.8, 113.8, 118.4, 128.2, 133.8, 
141.8, 148, 151.2, 152.3, 152.6, 152.3, 153.7, 122.4, 128, 142.6, 
147.5, 161, 158.6, 157.9, 159, 160.1, 119.5, 126.8, 136.9, 141.7, 
148.2, 156, 164.8, 165.2, 166.4, 125.8, 131.6, 142.1, 149.4, 
156.1, 166.4, 173.4, 176.5, 176.7, 177.7, 177.6, 119, 124.3, 
133.3, 138.1, 143.2, 149.5, 156.2, 161.3, 164, 127.2, 132.4, 
151.7, 157.7, 161.7, 165, 164, 164, 164.2, 164.7, 164.7, 125.4, 
137.2, 142, 147.8, 155.1, 160.6, 162.4, 162.9, 162.9, 163.7, 
163.5, 128.6, 137.8, 142.5, 146.7, 151.6, 160, 166.7, 174, 177.2, 
178.8, 180.6, 125.2, 137.4, 144.4, 149.1, 153.5, 159.3, 163.5, 
171.2, 176.3, 179.2, 180, 117.3, 126.6, 132.8, 140.8, 150.5, 
155.7, 156.8, 157.5, 158.2, 158.7, 132.8, 137.8, 143.3, 151.5, 
158, 163.2, 165.5, 166, 165.3, 128.8, 134.3, 138.6, 144.6, 149, 
159.9, 168.4, 172, 173, 174.2, 118.6, 132, 138.3, 150, 155.6, 
161, 165.2, 167.2, 168.7, 169.5, 123.9, 134.4, 139.5, 145.4, 
152, 159.5, 166.5, 170.2, 172.2, 172.2, 172.9, 121.4, 134.2, 
139.3, 144.6, 154.4, 163.6, 167.8, 169.6, 170.5, 170.7, 170.6, 
127.4, 138.4, 144.1, 151.3, 155.9, 161.4, 162.9, 163.5, 164, 
164.9, 165, 130.4, 141.2, 146.6, 152.1, 156.7, 162.4, 164.2, 
164.4, 165.3, 165, 165.8, 127.2, 139, 143.4, 148.9, 154, 160.2, 
171, 175.5, 177.7, 179, 179.2, 125.8, 137.1, 142.4, 148.8, 155.7, 
165.3, 174, 177.8, 179.7, 126.2, 137.6, 143.4, 159.5, 159.5, 
163.5, 165.5, 166.8, 167.3, 167.1, 167.5, 126.8, 140.1, 148, 
155.8, 162.5, 165, 165.6, 166, 165.5, 167.3, 167.5, 124.4, 134.4, 
139.1, 145, 151.5, 158.5, 163.7, 166.3, 167.8, 168.8, 113, 121.4, 
125.8, 129.3, 134.5, 138.6, 145.5, 152.5, 159.7, 162.3, 163.2, 
119, 129.7, 135.8, 143.6, 152.5, 158.1, 162.2, 161.6, 119, 124.6, 
130, 134.9, 139.7, 144.3, 148.6, 155, 162.5, 169.2, 173.2, 174, 
122.4, 127.8, 133.2, 138.7, 148.5, 157.7, 161.5, 163.8, 164.7, 
164.7, 165.2, 165.5, 134, 140.1, 147.1, 155.7, 160.8, 162.5, 
163.4, 164, 164.5, 163.7, 165.5, 137.2, 144.2, 149.2, 155.7, 
164, 172.5, 179.9, 183.3, 184.2, 185.3, 185.5, 133, 139.6, 145.2, 
152, 160, 164.5, 166.5, 167, 168.4, 166.5, 132.8, 139, 147.8, 
153.6, 161.4, 166.3, 168, 169.7, 170, 171.2, 170.5, 136.5, 142.5, 
150, 160.1, 166.2, 169, 168.8, 170.4, 170.2, 171.2, 134.9, 145.2, 
149.6, 156.9, 163.4, 168.5, 171.6, 171.4, 171.6, 172.3, 132.7, 
143.5, 148.8, 155.8, 164, 172.4, 175.6, 177, 179.5, 180.2, 137.4, 
142.9, 151.4, 161.5, 166.8, 169.3, 170.3, 169.6, 170.6, 171.2, 
171.2, 124.2, 129.3, 134, 140, 145.8, 151, 160.2, 172.3, 179.6, 
180.6, 182.3, 133.4, 138.8, 143.8, 148.1, 151, 157.2, 160.6, 
170.9, 179.6, 183, 119.8, 125.3, 132.3, 138, 146.8, 155, 158.2, 
159.5, 160, 160.2, 160.3, 160.8, 135.7, 142, 148.5, 154, 159.8, 
166, 174.3, 185, 190.6, 193.9, 195, 197.5, 125.6, 132.3, 139.1, 
146.6, 155.3, 165.6, 173, 176, 177.1, 178.7, 179.5, 131.8, 138, 
144, 150.3, 157.5, 162.1, 164.9, 165.7, 165.8, 165.8, 166.6, 
120.2, 126.6, 131.7, 137.3, 142.6, 146.8, 152.3, 160, 169.5, 
174.1, 174.5, 175, 113.4, 117.6, 122.6, 126.8, 131.7, 138.5, 
146.3, 150.9, 152.2, 152.6, 153.4, 153, 122, 129, 134, 140.2, 
143.6, 147.8, 153.4, 160.6, 169, 174.4, 176.2, 177.5, 122.4, 
127.7, 134.4, 138.7, 144, 153.2, 161, 163.7, 165, 165.7, 166.2, 
166.6, 126.4, 132.4, 137.2, 143, 149.5, 158.3, 161.9, 163.5, 
163.7, 164.2, 164.5, 164.5, 128, 133.8, 141.2, 148.3, 153.5, 
159.7, 166.3, 176.4, 185.6, 188.7, 192.6, 193.2, 124.5, 130.1, 
135.8, 139, 144.9, 150.9, 159.2, 165.9, 168.4, 170, 170.8, 171.4, 
125.2, 130.9, 137, 143.4, 149.4, 157.4, 162.5, 165.3, 166.8, 
167.4, 168.5, 167, 127.6, 133.1, 139.6, 147, 155.9, 164.1, 167.2, 
169.5, 170.3, 170.5, 170.7, 171.1, 134.6, 142.7, 149.7, 153.7, 
163.8, 175.3, 182.5, 186.5, 188.7, 189.5, 121.4, 126.1, 131.1, 
137, 143.7, 150.4, 155.8, 157.8, 159.4, 159.2, 159.4, 160.4, 
123.2, 129.1, 136, 145, 152.1, 158, 159.9, 161.4, 162, 161.8, 
162.7, 162.7, 117.2, 122.3, 128.5, 131.8, 136.4, 141.4, 148, 
159.7, 169, 172.1, 172.9, 133.9, 139.6, 145.8, 153, 162, 166.2, 
168.7, 169.7, 170.3, 170, 169.6, 121.8, 127.6, 133.9, 140, 144.2, 
152.1, 164.1, 172.3, 176, 177.6, 178.8, 178.8, 134.7, 142.3, 
148.5, 154.4, 161, 168.6, 178.5, 184.5, 186.6, 187.5, 187.8, 
129.5, 135.1, 139.5, 144.5, 151.7, 161, 167.3, 170, 171, 172.7, 
172.7, 172.6), year = c(7, 8, 9, 10, 11, 13, 14, 15, 16, 17, 
18, 7, 8, 9, 10, 11, 13, 14, 15, 18, 7, 8, 9, 10, 11, 13, 14, 
18, 7, 8, 9, 10, 11, 13, 14, 15, 16, 18, 7, 8, 9, 10, 11, 13, 
14, 15, 16, 17, 18, 7, 8, 9, 10, 11, 13, 14, 15, 16, 18, 7, 8, 
9, 10, 11, 13, 14, 16, 18, 7, 8, 9, 10, 11, 13, 14, 15, 16, 17, 
18, 7, 8, 9, 10, 11, 13, 14, 15, 16, 17, 18, 7, 8, 9, 10, 11, 
14, 15, 18, 7, 8, 9, 10, 11, 13, 14, 15, 16, 17, 18, 7, 8, 9, 
10, 11, 13, 14, 15, 16, 17, 18, 7, 8, 9, 10, 11, 12, 13, 14, 
15, 16, 17, 18, 7, 8, 9, 10, 11, 12, 13, 14, 15, 16, 17, 18, 
7, 8, 9, 10, 11, 12, 13, 14, 15, 16, 17, 18, 7, 8, 9, 10, 11, 
12, 13, 14, 15, 18, 7, 8, 9, 10, 12, 13, 14, 15, 16, 18, 7, 8, 
9, 10, 12, 13, 14, 15, 16, 17, 18, 7, 8, 9, 10, 12, 13, 14, 15, 
16, 17, 18, 7, 8, 13, 14, 15, 16, 18, 7, 8, 9, 10, 12, 14, 18, 
7, 8, 9, 10, 12, 13, 14, 15, 16, 17, 18, 7, 8, 9, 10, 12, 13, 
14, 15, 16, 17, 18, 7, 8, 9, 10, 13, 14, 15, 16, 17, 18, 7, 8, 
9, 10, 12, 13, 14, 15, 18, 7, 8, 9, 10, 12, 13, 14, 15, 16, 17, 
18, 7, 8, 9, 10, 12, 13, 14, 15, 17, 18, 7, 8, 9, 10, 12, 13, 
14, 15, 16, 17, 18, 7, 8, 9, 10, 12, 13, 14, 18, 7, 8, 9, 10, 
12, 13, 14, 15, 17, 18, 7, 8, 9, 10, 12, 13, 15, 16, 17, 7, 8, 
10, 12, 13, 14, 15, 16, 17, 7, 8, 9, 10, 12, 13, 14, 15, 17, 
18, 7, 8, 9, 10, 12, 13, 14, 15, 16, 17, 18, 7, 8, 9, 10, 12, 
13, 14, 15, 16, 17, 18, 7, 8, 9, 10, 13, 14, 16, 17, 18, 7, 8, 
9, 10, 13, 14, 16, 17, 18, 7, 8, 9, 10, 11, 12, 13, 14, 15, 16, 
17, 18, 7, 8, 9, 10, 13, 14, 15, 16, 17, 7, 8, 9, 10, 11, 12, 
13, 14, 15, 16, 17, 18, 7, 8, 9, 10, 17, 7, 8, 9, 10, 11, 12, 
13, 14, 15, 16, 17, 7, 8, 9, 11, 12, 13, 14, 15, 16, 17, 18, 
7, 8, 9, 11, 12, 13, 14, 15, 16, 17, 18, 7, 8, 11, 12, 13, 14, 
15, 16, 17, 18, 7, 8, 9, 11, 12, 13, 14, 15, 16, 17, 7, 8, 9, 
11, 12, 13, 14, 15, 16, 17, 18, 7, 8, 9, 11, 12, 13, 14, 15, 
17, 18, 7, 8, 9, 11, 12, 13, 14, 15, 16, 17, 18, 7, 8, 9, 11, 
12, 13, 15, 16, 17, 18, 7, 8, 9, 11, 12, 13, 14, 15, 16, 17, 
18, 7, 8, 9, 12, 13, 14, 15, 16, 17, 18, 7, 8, 9, 11, 12, 13, 
14, 15, 16, 17, 18, 7, 8, 9, 11, 12, 13, 14, 15, 16, 17, 18, 
7, 8, 9, 12, 13, 14, 15, 16, 17, 18, 7, 8, 9, 11, 12, 13, 16, 
17, 7, 8, 9, 11, 12, 13, 14, 15, 16, 17, 18, 7, 8, 9, 11, 12, 
13, 14, 16, 17, 7, 8, 9, 11, 12, 13, 14, 15, 16, 17, 18, 7, 8, 
9, 11, 12, 13, 14, 15, 16, 17, 18, 7, 8, 9, 11, 12, 13, 14, 16, 
17, 18, 7, 8, 9, 11, 12, 13, 14, 16, 17, 18, 7, 8, 9, 11, 12, 
13, 14, 15, 16, 17, 18, 7, 8, 9, 11, 13, 14, 15, 16, 17, 18, 
7, 8, 9, 10, 11, 12, 13, 14, 15, 16, 17, 18, 7, 8, 9, 10, 11, 
12, 13, 14, 15, 16, 17, 18, 7, 8, 10, 11, 12, 13, 14, 15, 16, 
17, 18, 7, 8, 10, 11, 12, 13, 14, 15, 16, 17, 18, 7, 8, 10, 11, 
12, 13, 14, 15, 16, 7, 8, 10, 11, 12, 13, 14, 15, 16, 17, 7, 
8, 10, 11, 12, 13, 14, 15, 17, 18, 7, 8, 10, 11, 12, 13, 15, 
16, 17, 18, 7, 8, 10, 11, 12, 13, 14, 15, 16, 17, 7, 8, 10, 11, 
12, 13, 14, 15, 16, 17, 18, 7, 8, 12, 13, 14, 15, 16, 17, 7, 
8, 10, 11, 12, 13, 14, 15, 16, 17, 7, 8, 10, 11, 12, 13, 14, 
15, 16, 17, 18, 7, 8, 10, 11, 12, 13, 14, 15, 16, 17, 18, 7, 
8, 11, 12, 13, 14, 15, 16, 17, 7, 8, 10, 11, 12, 13, 15, 16, 
17, 7, 8, 10, 11, 12, 13, 14, 15, 16, 17, 18, 7, 8, 10, 11, 12, 
13, 14, 15, 17, 7, 8, 10, 11, 12, 13, 14, 15, 16, 17, 18, 7, 
9, 10, 11, 12, 13, 14, 15, 16, 17, 18, 7, 9, 10, 11, 12, 13, 
14, 15, 16, 17, 18, 7, 9, 10, 11, 12, 13, 14, 15, 16, 17, 18, 
7, 9, 10, 11, 12, 14, 15, 16, 17, 18, 9, 10, 11, 12, 13, 14, 
15, 16, 17, 9, 10, 11, 12, 13, 14, 15, 16, 17, 18, 7, 9, 10, 
12, 13, 14, 15, 16, 17, 18, 7, 9, 10, 11, 12, 13, 14, 15, 16, 
17, 18, 7, 9, 10, 11, 12, 13, 14, 15, 16, 17, 18, 7, 9, 10, 11, 
12, 13, 14, 15, 16, 17, 18, 7, 9, 10, 11, 12, 13, 14, 15, 16, 
17, 18, 7, 9, 10, 11, 12, 13, 14, 15, 16, 17, 18, 7, 9, 10, 11, 
12, 13, 14, 15, 16, 7, 9, 10, 11, 12, 13, 14, 15, 16, 17, 18, 
7, 9, 10, 11, 12, 13, 14, 15, 16, 17, 18, 7, 9, 10, 11, 12, 13, 
14, 15, 16, 17, 7, 9, 10, 11, 12, 13, 14, 15, 16, 17, 18, 7, 
9, 10, 11, 12, 13, 15, 17, 7, 8, 9, 10, 11, 12, 13, 14, 15, 16, 
17, 18, 7, 8, 9, 10, 11, 12, 13, 14, 15, 16, 17, 18, 8, 9, 10, 
11, 12, 13, 14, 15, 16, 17, 18, 8, 9, 10, 11, 12, 13, 14, 15, 
16, 17, 18, 8, 9, 10, 11, 12, 13, 14, 15, 16, 17, 8, 9, 10, 11, 
12, 13, 14, 15, 16, 17, 18, 9, 10, 11, 12, 13, 14, 15, 16, 17, 
18, 8, 10, 11, 12, 13, 14, 15, 16, 17, 18, 8, 10, 11, 12, 13, 
14, 15, 16, 17, 18, 8, 9, 10, 11, 12, 13, 14, 15, 16, 17, 18, 
8, 9, 10, 11, 12, 13, 14, 15, 16, 17, 18, 8, 9, 10, 11, 12, 13, 
14, 15, 16, 17, 7, 8, 9, 10, 11, 12, 13, 14, 15, 16, 17, 18, 
7, 8, 9, 10, 11, 12, 13, 14, 15, 16, 17, 18, 7, 8, 9, 10, 11, 
12, 13, 14, 15, 16, 17, 8, 9, 10, 11, 12, 13, 14, 15, 16, 17, 
18, 7, 8, 9, 10, 11, 12, 13, 14, 15, 16, 17, 18, 7, 8, 9, 10, 
11, 12, 13, 14, 15, 16, 17, 18, 7, 8, 9, 10, 11, 12, 13, 14, 
15, 16, 17, 18, 7, 8, 9, 10, 11, 12, 13, 14, 15, 16, 17, 18, 
7, 8, 9, 10, 11, 12, 13, 14, 15, 16, 17, 18, 7, 8, 9, 10, 11, 
12, 13, 14, 15, 16, 17, 18, 7, 8, 9, 10, 11, 12, 13, 14, 15, 
16, 17, 18, 7, 8, 9, 10, 11, 12, 13, 14, 15, 16, 17, 18, 7, 8, 
9, 10, 11, 12, 13, 14, 15, 16, 17, 18, 8, 9, 10, 11, 12, 13, 
14, 15, 16, 17, 7, 8, 9, 10, 11, 12, 13, 14, 15, 16, 17, 18, 
7, 8, 9, 10, 11, 12, 13, 14, 15, 16, 17, 18, 7, 8, 9, 10, 11, 
12, 13, 14, 15, 16, 17, 8, 9, 10, 11, 12, 13, 14, 15, 16, 17, 
18, 7, 8, 9, 10, 11, 12, 13, 14, 15, 16, 17, 18, 7, 8, 9, 10, 
11, 12, 13, 14, 15, 16, 17, 7, 8, 9, 10, 11, 12, 13, 14, 15, 
16, 17, 18)), .Names = c("id", "sex", "height", "year"), row.names = c(NA, 
1404L), class = "data.frame")
