This dataset is used to illustrate a nonlinear mixed model (Chapter 8).
We apply a quadratic logistic growth curve of the form
	       a1
f =-------------------------
    1 + exp(-a2-a3*t-a4*t²)	

This model adequetely describes the spur of growth in teenegers around 10-11.
Here id indicates the individual; sex=1 means girs and sex=0 means boy; height is in cm; year is the age.


obs  id sex height year 
 1   1   1  121.1    7
 2   1   1  126.4    8
 3   1   1  132.0    9
 4   1   1  138.5   10
 5   1   1  143.8   11
 6   1   1  156.6   13
 7   1   1  161.6   14
 8   1   1  163.9   15
 9   1   1  164.7   16
10   1   1  164.6   17
11   1   1  165.8   18
12   2   1  124.2    7
13   2   1  130.8    8
14   2   1  136.1    9
15   2   1  141.4   10
16   2   1  148.0   11
17   2   1  165.0   13
18   2   1  168.7   14
19   2   1  171.0   15
20   2   1  170.6   18
21   3   1  117.4    7
22   3   1  123.1    8
23   3   1  128.1    9
24   3   1  132.9   10
25   3   1  138.6   11
26   3   1  153.8   13
27   3   1  156.0   14
28   3   1  159.6   18
29   4   1  120.4    7
30   4   1  126.4    8
31   4   1  133.5    9
32   4   1  140.0   10
33   4   1  150.5   11
34   4   1  161.1   13
35   4   1  163.3   14
36   4   1  163.8   15
37   4   1  164.6   16
38   4   1  163.6   18
39   5   1  115.8    7
40   5   1  120.9    8
41   5   1  127.4    9
42   5   1  132.4   10
43   5   1  141.0   11
44   5   1  152.6   13
45   5   1  155.3   14
46   5   1  155.4   15
47   5   1  156.2   16
48   5   1  155.3   17
49   5   1  156.0   18
50   6   1  118.0    7
51   6   1  122.6    8
52   6   1  127.6    9
53   6   1  132.4   10
54   6   1  135.0   11
55   6   1  145.5   13
56   6   1  152.2   14
57   6   1  157.3   15
58   6   1  158.5   16
59   6   1  159.5   18
60   7   0  119.5    7
61   7   0  123.6    8
62   7   0  128.8    9
63   7   0  132.0   10
64   7   0  136.2   11
65   7   0  143.7   13
66   7   0  147.4   14
67   7   0  167.4   16
68   7   0  175.2   18
69   8   1  117.7    7
70   8   1  122.4    8
71   8   1  126.8    9
72   8   1  131.4   10
73   8   1  135.8   11
74   8   1  146.0   13
75   8   1  154.0   14
76   8   1  156.0   15
77   8   1  157.0   16
78   8   1  156.9   17
79   8   1  157.8   18
80   9   1  124.6    7
81   9   1  130.6    8
82   9   1  137.0    9
83   9   1  142.6   10
84   9   1  148.0   11
 85   9   1  160.7   13
 86   9   1  163.3   14
 87   9   1  164.4   15
 88   9   1  165.0   16
 89   9   1  165.8   17
 90   9   1  164.6   18
 91  10   1  122.6    7
 92  10   1  128.8    8
 93  10   1  133.5    9
 94  10   1  139.4   10
 95  10   1  145.4   11
 96  10   1  164.0   14
 97  10   1  166.6   15
 98  10   1  167.0   18
 99  11   1  109.8    7
100  11   1  113.0    8
101  11   1  116.0    9
102  11   1  119.4   10
103  11   1  122.6   11
104  11   1  132.6   13
105  11   1  137.8   14
106  11   1  140.4   15
107  11   1  142.4   16
108  11   1  141.1   17
109  11   1  142.5   18
110  12   0  127.6    7
111  12   0  135.0    8
112  12   0  141.4    9
113  12   0  146.2   10
114  12   0  153.0   11
115  12   0  173.0   13
116  12   0  178.2   14
117  12   0  180.5   15
118  12   0  181.8   16
119  12   0  181.7   17
120  12   0  182.0   18
121  13   0  121.6    7
122  13   0  127.4    8
123  13   0  134.2    9
124  13   0  140.4   10
125  13   0  144.7   11
126  13   0  149.8   12
127  13   0  159.2   13
128  13   0  166.4   14
129  13   0  168.9   15
130  13   0  171.2   16
131  13   0  171.1   17
132  13   0  170.8   18
133  14   0  116.6    7
134  14   0  122.2    8
135  14   0  127.4    9
136  14   0  132.6   10
137  14   0  138.4   11
138  14   0  143.2   12
139  14   0  150.1   13
140  14   0  160.2   14
141  14   0  168.2   15
142  14   0  171.5   16
143  14   0  173.4   17
144  14   0  174.2   18
145  15   0  124.4    7
146  15   0  131.4    8
147  15   0  137.4    9
148  15   0  143.7   10
149  15   0  147.9   11
150  15   0  152.1   12
151  15   0  156.4   13
152  15   0  162.4   14
153  15   0  171.4   15
154  15   0  177.2   16
155  15   0  180.2   17
156  15   0  181.5   18
157  16   0  126.4    7
158  16   0  131.4    8
159  16   0  136.4    9
160  16   0  140.4   10
161  16   0  146.2   11
162  16   0  150.4   12
163  16   0  155.2   13
164  16   0  161.5   14
165  16   0  171.0   15
166  16   0  178.8   18
167  17   0  129.6    7
168  17   0  137.0    8
169  17   0  142.4    9
170  17   0  148.4   10
171  17   0  157.2   12
172  17   0  162.6   13
173  17   0  168.8   14
174  17   0  172.2   15
175  17   0  179.2   16
176  17   0  183.5   18
177  18   0  128.1    7
178  18   0  133.3    8
179  18   0  140.8    9
180  18   0  146.1   10
181  18   0  156.6   12
182  18   0  165.7   13
183  18   0  175.7   14
184  18   0  181.1   15
185  18   0  183.5   16
186  18   0  183.5   17
187  18   0  183.7   18
188  19   0  118.8    7
189  19   0  124.8    8
190  19   0  131.0    9
191  19   0  135.5   10
192  19   0  144.4   12
193  19   0  149.0   13
194  19   0  153.0   14
195  19   0  159.5   15
196  19   0  165.5   16
197  19   0  169.0   17
198  19   0  170.8   18
199  20   0  130.6    7
200  20   0  136.4    8
201  20   0  175.6   13
202  20   0  179.4   14
203  20   0  181.9   15
204  20   0  181.5   16
205  20   0  182.2   18
206  21   0  115.9    7
207  21   0  121.0    8
208  21   0  126.0    9
209  21   0  129.9   10
210  21   0  137.8   12
211  21   0  149.7   14
212  21   0  169.8   18
213  22   0  124.4    7
214  22   0  130.5    8
215  22   0  137.0    9
216  22   0  141.4   10
217  22   0  154.6   12
218  22   0  163.0   13
219  22   0  170.5   14
220  22   0  173.3   15
221  22   0  174.8   16
222  22   0  175.4   17
223  22   0  176.0   18
224  23   0  122.1    7
225  23   0  127.8    8
226  23   0  133.6    9
227  23   0  138.9   10
228  23   0  152.0   12
229  23   0  161.5   13
230  23   0  166.2   14
231  23   0  169.9   15
232  23   0  170.5   16
233  23   0  171.7   17
234  23   0  172.5   18
235  24   0  118.3    7
236  24   0  123.5    8
237  24   0  129.3    9
238  24   0  133.6   10
239  24   0  146.9   13
240  24   0  151.6   14
241  24   0  161.8   15
242  24   0  166.0   16
243  24   0  168.4   17
244  24   0  170.2   18
245  25   1  129.1    7
246  25   1  136.0    8
247  25   1  142.2    9
248  25   1  149.9   10
249  25   1  159.6   12
250  25   1  162.5   13
251  25   1  164.0   14
252  25   1  164.8   15
253  25   1  165.5   18
254  26   0  120.0    7
255  26   0  126.0    8
256  26   0  131.0    9
257  26   0  136.7   10
258  26   0  146.6   12
259  26   0  156.6   13
260  26   0  166.9   14
261  26   0  173.4   15
262  26   0  177.5   16
263  26   0  179.0   17
264  26   0  179.3   18
265  27   0  120.6    7
266  27   0  127.8    8
267  27   0  133.6    9
268  27   0  138.4   10
269  27   0  151.2   12
270  27   0  163.0   13
271  27   0  171.7   14
272  27   0  178.0   15
273  27   0  179.4   17
274  27   0  179.8   18
275  28   0  125.2    7
276  28   0  130.6    8
277  28   0  136.4    9
278  28   0  141.8   10
279  28   0  157.6   12
280  28   0  167.5   13
281  28   0  173.1   14
282  28   0  175.2   15
283  28   0  176.5   16
284  28   0  176.8   17
285  28   0  176.4   18
286  29   1  121.9    7
287  29   1  127.2    8
288  29   1  132.2    9
289  29   1  136.8   10
290  29   1  145.7   12
291  29   1  152.0   13
292  29   1  159.8   14
293  29   1  165.2   18
294  30   1  117.7    7
295  30   1  123.2    8
296  30   1  127.4    9
297  30   1  131.7   10
298  30   1  141.3   12
299  30   1  146.0   13
300  30   1  152.9   14
301  30   1  157.0   15
302  30   1  158.7   17
303  30   1  159.4   18
304  31   1  120.6    7
305  31   1  126.8    8
306  31   1  131.0    9
307  31   1  137.0   10
308  31   1  149.1   12
309  31   1  155.0   13
310  31   1  159.0   15
311  31   1  160.0   16
312  31   1  159.8   17
313  32   1  118.2    7
314  32   1  123.0    8
315  32   1  133.4   10
316  32   1  148.0   12
317  32   1  154.2   13
318  32   1  156.0   14
319  32   1  158.2   15
320  32   1  158.5   16
321  32   1  157.8   17
322  33   0  117.0    7
323  33   0  123.0    8
324  33   0  128.4    9
325  33   0  132.2   10
326  33   0  144.3   12
327  33   0  149.8   13
328  33   0  160.5   14
329  33   0  169.0   15
330  33   0  175.4   17
331  33   0  176.1   18
332  34   0  116.0    7
333  34   0  121.6    8
334  34   0  126.6    9
335  34   0  132.0   10
336  34   0  143.9   12
337  34   0  149.9   13
338  34   0  157.4   14
339  34   0  167.3   15
340  34   0  172.5   16
341  34   0  174.8   17
342  34   0  176.1   18
343  35   0  119.8    7
344  35   0  125.5    8
345  35   0  129.2    9
346  35   0  135.4   10
347  35   0  145.0   12
348  35   0  153.0   13
349  35   0  163.2   14
350  35   0  170.0   15
351  35   0  172.0   16
352  35   0  173.5   17
353  35   0  173.0   18
354  36   0  113.3    7
355  36   0  119.2    8
356  36   0  123.0    9
357  36   0  128.4   10
358  36   0  141.4   13
359  36   0  145.6   14
360  36   0  158.6   16
361  36   0  161.5   17
362  36   0  162.7   18
363  37   0  116.5    7
364  37   0  122.7    8
365  37   0  127.2    9
366  37   0  132.6   10
367  37   0  145.0   13
368  37   0  151.1   14
369  37   0  162.4   16
370  37   0  166.3   17
371  37   0  167.5   18
372  38   0  118.8    7
373  38   0  124.0    8
374  38   0  129.0    9
375  38   0  134.0   10
376  38   0  137.8   11
377  38   0  142.4   12
378  38   0  147.7   13
379  38   0  157.8   14
380  38   0  165.6   15
381  38   0  169.0   16
382  38   0  169.8   17
383  38   0  171.6   18
384  39   0  122.8    7
385  39   0  128.4    8
386  39   0  134.2    9
387  39   0  140.2   10
388  39   0  153.8   13
389  39   0  159.4   14
390  39   0  170.5   15
391  39   0  175.1   16
392  39   0  176.0   17
393  40   1  122.5    7
394  40   1  130.0    8
395  40   1  135.0    9
396  40   1  143.6   10
397  40   1  152.7   11
398  40   1  156.9   12
399  40   1  158.8   13
400  40   1  158.9   14
401  40   1  159.5   15
402  40   1  160.0   16
403  40   1  159.9   17
404  40   1  159.3   18
405  41   0  115.4    7
406  41   0  119.8    8
407  41   0  127.5    9
408  41   0  131.8   10
409  41   0  170.5   17
410  42   1  122.0    7
411  42   1  128.2    8
412  42   1  134.3    9
413  42   1  139.6   10
414  42   1  144.8   11
415  42   1  151.2   12
416  42   1  159.8   13
417  42   1  164.2   14
418  42   1  165.0   15
419  42   1  165.5   16
420  42   1  166.1   17
421  43   1  122.2    7
422  43   1  127.4    8
423  43   1  134.8    9
424  43   1  148.6   11
425  43   1  151.7   12
426  43   1  152.7   13
427  43   1  153.1   14
428  43   1  153.4   15
429  43   1  153.5   16
430  43   1  153.7   17
431  43   1  153.4   18
432  44   0  120.8    7
433  44   0  126.6    8
434  44   0  131.9    9
435  44   0  139.9   11
436  44   0  143.7   12
437  44   0  146.7   13
438  44   0  150.8   14
439  44   0  156.0   15
440  44   0  163.5   16
441  44   0  168.7   17
442  44   0  172.9   18
443  45   1  110.4    7
444  45   1  115.0    8
445  45   1  129.0   11
446  45   1  133.5   12
447  45   1  139.0   13
448  45   1  146.9   14
449  45   1  150.8   15
450  45   1  152.5   16
451  45   1  153.1   17
452  45   1  153.2   18
453  46   0  122.8    7
454  46   0  128.5    8
455  46   0  132.8    9
456  46   0  142.2   11
457  46   0  147.1   12
458  46   0  154.4   13
459  46   0  162.8   14
460  46   0  166.8   15
461  46   0  169.9   16
462  46   0  170.7   17
463  47   0  123.4    7
464  47   0  128.7    8
465  47   0  133.4    9
466  47   0  144.0   11
467  47   0  151.6   12
468  47   0  161.4   13
469  47   0  167.3   14
470  47   0  169.5   15
471  47   0  170.5   16
472  47   0  170.7   17
473  47   0  171.1   18
474  48   1  124.6    7
475  48   1  130.4    8
476  48   1  136.0    9
477  48   1  145.2   11
478  48   1  152.8   12
479  48   1  164.0   13
480  48   1  164.5   14
481  48   1  166.4   15
482  48   1  168.1   17
483  48   1  167.7   18
484  49   1  117.0    7
485  49   1  123.6    8
486  49   1  131.4    9
487  49   1  145.8   11
488  49   1  151.5   12
489  49   1  154.1   13
490  49   1  156.2   14
491  49   1  156.4   15
492  49   1  156.7   16
493  49   1  156.9   17
494  49   1  157.2   18
495  50   0  119.6    7
496  50   0  125.3    8
497  50   0  130.2    9
498  50   0  140.4   11
499  50   0  146.2   12
500  50   0  151.5   13
501  50   0  168.2   15
502  50   0  172.0   16
503  50   0  173.2   17
504  50   0  173.4   18
505  51   0  118.9    7
506  51   0  124.6    8
507  51   0  129.0    9
508  51   0  138.0   11
509  51   0  142.0   12
510  51   0  147.7   13
511  51   0  154.7   14
512  51   0  161.5   15
513  51   0  169.8   16
514  51   0  174.2   17
515  51   0  178.7   18
516  52   0  116.9    7
517  52   0  122.4    8
518  52   0  126.8    9
519  52   0  136.7   12
520  52   0  140.5   13
521  52   0  143.8   14
522  52   0  147.5   15
523  52   0  150.2   16
524  52   0  155.5   17
525  52   0  162.9   18
526  53   0  121.0    7
527  53   0  127.6    8
528  53   0  133.5    9
529  53   0  143.4   11
530  53   0  148.1   12
531  53   0  155.9   13
532  53   0  164.7   14
533  53   0  173.0   15
534  53   0  177.5   16
535  53   0  179.6   17
536  53   0  181.2   18
537  54   1  118.4    7
538  54   1  124.1    8
539  54   1  128.4    9
540  54   1  138.3   11
541  54   1  144.9   12
542  54   1  152.5   13
543  54   1  157.0   14
544  54   1  159.3   15
545  54   1  160.5   16
546  54   1  160.4   17
547  54   1  160.7   18
548  55   0  116.4    7
549  55   0  121.8    8
550  55   0  127.3    9
551  55   0  140.7   12
552  55   0  145.3   13
553  55   0  147.4   14
554  55   0  155.0   15
555  55   0  165.7   16
556  55   0  171.8   17
557  55   0  173.5   18
558  56   1  123.4    7
559  56   1  127.8    8
560  56   1  131.6    9
561  56   1  140.9   11
562  56   1  145.3   12
563  56   1  150.4   13
564  56   1  162.9   16
565  56   1  163.0   17
566  57   1  129.8    7
567  57   1  135.1    8
568  57   1  143.7    9
569  57   1  160.3   11
570  57   1  162.3   12
571  57   1  165.5   13
572  57   1  165.8   14
573  57   1  165.5   15
574  57   1  165.7   16
575  57   1  165.7   17
576  57   1  166.5   18
577  58   1  132.0    7
578  58   1  139.0    8
579  58   1  145.2    9
580  58   1  156.5   11
581  58   1  163.8   12
582  58   1  173.6   13
583  58   1  176.5   14
584  58   1  178.5   16
585  58   1  178.6   17
586  59   0  131.4    7
587  59   0  136.5    8
588  59   0  142.0    9
589  59   0  150.5   11
590  59   0  156.8   12
591  59   0  162.0   13
592  59   0  172.0   14
593  59   0  178.0   15
594  59   0  179.8   16
595  59   0  181.0   17
596  59   0  181.5   18
597  60   0  123.6    7
598  60   0  129.6    8
599  60   0  135.2    9
600  60   0  148.5   11
601  60   0  159.0   12
602  60   0  167.4   13
603  60   0  169.3   14
604  60   0  170.2   15
605  60   0  170.8   16
606  60   0  171.1   17
607  60   0  172.0   18
608  61   0  122.0    7
609  61   0  128.0    8
610  61   0  132.5    9
611  61   0  141.0   11
612  61   0  145.4   12
613  61   0  149.5   13
614  61   0  152.7   14
615  61   0  167.5   16
616  61   0  172.0   17
617  61   0  174.0   18
618  62   1  129.4    7
619  62   1  135.6    8
620  62   1  141.4    9
621  62   1  151.6   11
622  62   1  158.3   12
623  62   1  164.5   13
624  62   1  168.5   14
625  62   1  172.1   16
626  62   1  173.5   17
627  62   1  173.7   18
628  63   0  124.6    7
629  63   0  129.2    8
630  63   0  135.4    9
631  63   0  145.3   11
632  63   0  151.7   12
633  63   0  160.8   13
634  63   0  168.5   14
635  63   0  172.7   15
636  63   0  175.8   16
637  63   0  176.7   17
638  63   0  176.9   18
639  64   1  115.4    7
640  64   1  121.4    8
641  64   1  126.4    9
642  64   1  137.2   11
643  64   1  150.4   13
644  64   1  152.5   14
645  64   1  154.2   15
646  64   1  155.2   16
647  64   1  155.7   17
648  64   1  156.2   18
649  65   0  132.7    7
650  65   0  138.7    8
651  65   0  145.4    9
652  65   0  151.7   10
653  65   0  156.2   11
654  65   0  164.0   12
655  65   0  168.8   13
656  65   0  177.7   14
657  65   0  185.0   15
658  65   0  189.4   16
659  65   0  191.2   17
660  65   0  191.4   18
661  66   1  124.0    7
662  66   1  128.9    8
663  66   1  135.2    9
664  66   1  138.6   10
665  66   1  143.3   11
666  66   1  151.9   12
667  66   1  160.0   13
668  66   1  162.5   14
669  66   1  164.4   15
670  66   1  165.1   16
671  66   1  165.4   17
672  66   1  166.4   18
673  67   1  132.5    7
674  67   1  138.3    8
675  67   1  148.4   10
676  67   1  156.8   11
677  67   1  163.4   12
678  67   1  169.8   13
679  67   1  172.3   14
680  67   1  171.9   15
681  67   1  173.5   16
682  67   1  174.0   17
683  67   1  174.8   18
684  68   0  129.2    7
685  68   0  135.5    8
686  68   0  147.2   10
687  68   0  152.4   11
688  68   0  159.1   12
689  68   0  167.9   13
690  68   0  176.4   14
691  68   0  181.4   15
692  68   0  183.0   16
693  68   0  183.6   17
694  68   0  184.5   18
695  69   0  117.2    7
696  69   0  121.3    8
697  69   0  130.6   10
698  69   0  135.4   11
699  69   0  140.4   12
700  69   0  145.3   13
701  69   0  152.6   14
702  69   0  160.5   15
703  69   0  166.8   16
704  70   0  120.6    7
705  70   0  127.0    8
706  70   0  137.7   10
707  70   0  144.0   11
708  70   0  151.0   12
709  70   0  155.0   13
710  70   0  161.5   14
711  70   0  171.8   15
712  70   0  178.6   16
713  70   0  181.0   17
714  71   1  115.8    7
715  71   1  120.0    8
716  71   1  129.5   10
717  71   1  133.8   11
718  71   1  141.4   12
719  71   1  149.8   13
720  71   1  157.4   14
721  71   1  160.0   15
722  71   1  162.3   17
723  71   1  163.0   18
724  72   1  113.6    7
725  72   1  118.2    8
726  72   1  127.6   10
727  72   1  131.3   11
728  72   1  136.7   12
729  72   1  143.5   13
730  72   1  155.4   15
731  72   1  157.1   16
732  72   1  157.6   17
733  72   1  157.8   18
734  73   0  118.0    7
735  73   0  124.1    8
736  73   0  134.4   10
737  73   0  139.3   11
738  73   0  144.8   12
739  73   0  149.7   13
740  73   0  156.0   14
741  73   0  165.0   15
742  73   0  172.2   16
743  73   0  175.5   17
744  74   0  123.9    7
745  74   0  130.2    8
746  74   0  140.9   10
747  74   0  146.6   11
748  74   0  151.9   12
749  74   0  156.8   13
750  74   0  164.7   14
751  74   0  171.7   15
752  74   0  175.8   16
753  74   0  176.4   17
754  74   0  177.6   18
755  75   0  128.9    7
756  75   0  135.7    8
757  75   0  159.8   12
758  75   0  164.7   13
759  75   0  174.5   14
760  75   0  177.0   15
761  75   0  178.5   16
762  75   0  179.8   17
763  76   0  119.2    7
764  76   0  124.8    8
765  76   0  134.0   10
766  76   0  140.6   11
767  76   0  149.8   12
768  76   0  160.8   13
769  76   0  167.3   14
770  76   0  169.7   15
771  76   0  170.0   16
772  76   0  170.5   17
773  77   0  124.6    7
774  77   0  131.2    8
775  77   0  142.0   10
776  77   0  146.0   11
777  77   0  151.3   12
778  77   0  156.6   13
779  77   0  160.0   14
780  77   0  164.8   15
781  77   0  170.7   16
782  77   0  177.2   17
783  77   0  179.8   18
784  78   1  113.8    7
785  78   1  118.4    8
786  78   1  128.2   10
787  78   1  133.8   11
788  78   1  141.8   12
789  78   1  148.0   13
790  78   1  151.2   14
791  78   1  152.3   15
792  78   1  152.6   16
793  78   1  152.3   17
794  78   1  153.7   18
795  79   1  122.4    7
796  79   1  128.0    8
797  79   1  142.6   11
798  79   1  147.5   12
799  79   1  161.0   13
800  79   1  158.6   14
801  79   1  157.9   15
802  79   1  159.0   16
803  79   1  160.1   17
804  80   1  119.5    7
805  80   1  126.8    8
806  80   1  136.9   10
807  80   1  141.7   11
808  80   1  148.2   12
809  80   1  156.0   13
810  80   1  164.8   15
811  80   1  165.2   16
812  80   1  166.4   17
813  81   0  125.8    7
814  81   0  131.6    8
815  81   0  142.1   10
816  81   0  149.4   11
817  81   0  156.1   12
818  81   0  166.4   13
819  81   0  173.4   14
820  81   0  176.5   15
821  81   0  176.7   16
822  81   0  177.7   17
823  81   0  177.6   18
824  82   1  119.0    7
825  82   1  124.3    8
826  82   1  133.3   10
827  82   1  138.1   11
828  82   1  143.2   12
829  82   1  149.5   13
830  82   1  156.2   14
831  82   1  161.3   15
832  82   1  164.0   17
833  83   1  127.2    7
834  83   1  132.4    8
835  83   1  151.7   10
836  83   1  157.7   11
837  83   1  161.7   12
838  83   1  165.0   13
839  83   1  164.0   14
840  83   1  164.0   15
841  83   1  164.2   16
842  83   1  164.7   17
843  83   1  164.7   18
844  84   1  125.4    7
845  84   1  137.2    9
846  84   1  142.0   10
847  84   1  147.8   11
848  84   1  155.1   12
849  84   1  160.6   13
850  84   1  162.4   14
851  84   1  162.9   15
852  84   1  162.9   16
853  84   1  163.7   17
854  84   1  163.5   18
855  85   0  128.6    7
856  85   0  137.8    9
857  85   0  142.5   10
858  85   0  146.7   11
859  85   0  151.6   12
860  85   0  160.0   13
861  85   0  166.7   14
862  85   0  174.0   15
863  85   0  177.2   16
864  85   0  178.8   17
865  85   0  180.6   18
866  86   0  125.2    7
867  86   0  137.4    9
868  86   0  144.4   10
869  86   0  149.1   11
870  86   0  153.5   12
871  86   0  159.3   13
872  86   0  163.5   14
873  86   0  171.2   15
874  86   0  176.3   16
875  86   0  179.2   17
876  86   0  180.0   18
877  87   1  117.3    7
878  87   1  126.6    9
879  87   1  132.8   10
880  87   1  140.8   11
881  87   1  150.5   12
882  87   1  155.7   14
883  87   1  156.8   15
884  87   1  157.5   16
885  87   1  158.2   17
886  87   1  158.7   18
887  88   1  132.8    9
888  88   1  137.8   10
889  88   1  143.3   11
890  88   1  151.5   12
891  88   1  158.0   13
892  88   1  163.2   14
893  88   1  165.5   15
894  88   1  166.0   16
895  88   1  165.3   17
896  89   0  128.8    9
897  89   0  134.3   10
898  89   0  138.6   11
899  89   0  144.6   12
900  89   0  149.0   13
901  89   0  159.9   14
902  89   0  168.4   15
903  89   0  172.0   16
904  89   0  173.0   17
905  89   0  174.2   18
906  90   1  118.6    7
907  90   1  132.0    9
908  90   1  138.3   10
909  90   1  150.0   12
910  90   1  155.6   13
911  90   1  161.0   14
912  90   1  165.2   15
913  90   1  167.2   16
914  90   1  168.7   17
915  90   1  169.5   18
916  91   0  123.9    7
917  91   0  134.4    9
918  91   0  139.5   10
919  91   0  145.4   11
920  91   0  152.0   12
921  91   0  159.5   13
922  91   0  166.5   14
923  91   0  170.2   15
924  91   0  172.2   16
925  91   0  172.2   17
926  91   0  172.9   18
927  92   1  121.4    7
928  92   1  134.2    9
929  92   1  139.3   10
930  92   1  144.6   11
931  92   1  154.4   12
932  92   1  163.6   13
933  92   1  167.8   14
934  92   1  169.6   15
935  92   1  170.5   16
936  92   1  170.7   17
937  92   1  170.6   18
938  93   1  127.4    7
939  93   1  138.4    9
940  93   1  144.1   10
941  93   1  151.3   11
942  93   1  155.9   12
943  93   1  161.4   13
944  93   1  162.9   14
945  93   1  163.5   15
946  93   1  164.0   16
947  93   1  164.9   17
948  93   1  165.0   18
949  94   1  130.4    7
950  94   1  141.2    9
951  94   1  146.6   10
952  94   1  152.1   11
953  94   1  156.7   12
954  94   1  162.4   13
955  94   1  164.2   14
956  94   1  164.4   15
957  94   1  165.3   16
958  94   1  165.0   17
959  94   1  165.8   18
960  95   0  127.2    7
961  95   0  139.0    9
962  95   0  143.4   10
963  95   0  148.9   11
964  95   0  154.0   12
965  95   0  160.2   13
966  95   0  171.0   14
 967  95   0  175.5   15
 968  95   0  177.7   16
 969  95   0  179.0   17
 970  95   0  179.2   18
 971  96   0  125.8    7
 972  96   0  137.1    9
 973  96   0  142.4   10
 974  96   0  148.8   11
 975  96   0  155.7   12
 976  96   0  165.3   13
 977  96   0  174.0   14
 978  96   0  177.8   15
 979  96   0  179.7   16
 980  97   1  126.2    7
 981  97   1  137.6    9
 982  97   1  143.4   10
 983  97   1  159.5   11
 984  97   1  159.5   12
 985  97   1  163.5   13
 986  97   1  165.5   14
 987  97   1  166.8   15
 988  97   1  167.3   16
 989  97   1  167.1   17
 990  97   1  167.5   18
 991  98   1  126.8    7
 992  98   1  140.1    9
 993  98   1  148.0   10
 994  98   1  155.8   11
 995  98   1  162.5   12
 996  98   1  165.0   13
 997  98   1  165.6   14
 998  98   1  166.0   15
 999  98   1  165.5   16
1000  98   1  167.3   17
1001  98   1  167.5   18
1002  99   1  124.4    7
1003  99   1  134.4    9
1004  99   1  139.1   10
1005  99   1  145.0   11
1006  99   1  151.5   12
1007  99   1  158.5   13
1008  99   1  163.7   14
1009  99   1  166.3   15
1010  99   1  167.8   16
1011  99   1  168.8   17
1012 100   0  113.0    7
1013 100   0  121.4    9
1014 100   0  125.8   10
1015 100   0  129.3   11
1016 100   0  134.5   12
1017 100   0  138.6   13
1018 100   0  145.5   14
1019 100   0  152.5   15
1020 100   0  159.7   16
1021 100   0  162.3   17
1022 100   0  163.2   18
1023 101   1  119.0    7
1024 101   1  129.7    9
1025 101   1  135.8   10
1026 101   1  143.6   11
1027 101   1  152.5   12
1028 101   1  158.1   13
1029 101   1  162.2   15
1030 101   1  161.6   17
1031 102   0  119.0    7
1032 102   0  124.6    8
1033 102   0  130.0    9
1034 102   0  134.9   10
1035 102   0  139.7   11
1036 102   0  144.3   12
1037 102   0  148.6   13
1038 102   0  155.0   14
1039 102   0  162.5   15
1040 102   0  169.2   16
1041 102   0  173.2   17
1042 102   0  174.0   18
1043 103   1  122.4    7
1044 103   1  127.8    8
1045 103   1  133.2    9
1046 103   1  138.7   10
1047 103   1  148.5   11
1048 103   1  157.7   12
1049 103   1  161.5   13
1050 103   1  163.8   14
1051 103   1  164.7   15
1052 103   1  164.7   16
1053 103   1  165.2   17
1054 103   1  165.5   18
1055 104   1  134.0    8
1056 104   1  140.1    9
1057 104   1  147.1   10
1058 104   1  155.7   11
1059 104   1  160.8   12
1060 104   1  162.5   13
1061 104   1  163.4   14
1062 104   1  164.0   15
1063 104   1  164.5   16
1064 104   1  163.7   17
1065 104   1  165.5   18
1066 105   0  137.2    8
1067 105   0  144.2    9
1068 105   0  149.2   10
1069 105   0  155.7   11
1070 105   0  164.0   12
1071 105   0  172.5   13
1072 105   0  179.9   14
1073 105   0  183.3   15
1074 105   0  184.2   16
1075 105   0  185.3   17
1076 105   0  185.5   18
1077 106   1  133.0    8
1078 106   1  139.6    9
1079 106   1  145.2   10
1080 106   1  152.0   11
1081 106   1  160.0   12
1082 106   1  164.5   13
1083 106   1  166.5   14
1084 106   1  167.0   15
1085 106   1  168.4   16
1086 106   1  166.5   17
1087 107   1  132.8    8
1088 107   1  139.0    9
1089 107   1  147.8   10
1090 107   1  153.6   11
1091 107   1  161.4   12
1092 107   1  166.3   13
1093 107   1  168.0   14
1094 107   1  169.7   15
1095 107   1  170.0   16
1096 107   1  171.2   17
1097 107   1  170.5   18
1098 108   1  136.5    9
1099 108   1  142.5   10
1100 108   1  150.0   11
1101 108   1  160.1   12
1102 108   1  166.2   13
1103 108   1  169.0   14
1104 108   1  168.8   15
1105 108   1  170.4   16
1106 108   1  170.2   17
1107 108   1  171.2   18
1108 109   1  134.9    8
1109 109   1  145.2   10
1110 109   1  149.6   11
1111 109   1  156.9   12
1112 109   1  163.4   13
1113 109   1  168.5   14
1114 109   1  171.6   15
1115 109   1  171.4   16
1116 109   1  171.6   17
1117 109   1  172.3   18
1118 110   0  132.7    8
1119 110   0  143.5   10
1120 110   0  148.8   11
1121 110   0  155.8   12
1122 110   0  164.0   13
1123 110   0  172.4   14
1124 110   0  175.6   15
1125 110   0  177.0   16
1126 110   0  179.5   17
1127 110   0  180.2   18
1128 111   1  137.4    8
1129 111   1  142.9    9
1130 111   1  151.4   10
1131 111   1  161.5   11
1132 111   1  166.8   12
1133 111   1  169.3   13
1134 111   1  170.3   14
1135 111   1  169.6   15
1136 111   1  170.6   16
1137 111   1  171.2   17
1138 111   1  171.2   18
1139 112   0  124.2    8
1140 112   0  129.3    9
1141 112   0  134.0   10
1142 112   0  140.0   11
1143 112   0  145.8   12
1144 112   0  151.0   13
1145 112   0  160.2   14
1146 112   0  172.3   15
1147 112   0  179.6   16
1148 112   0  180.6   17
1149 112   0  182.3   18
1150 113   0  133.4    8
1151 113   0  138.8    9
1152 113   0  143.8   10
1153 113   0  148.1   11
1154 113   0  151.0   12
1155 113   0  157.2   13
1156 113   0  160.6   14
1157 113   0  170.9   15
1158 113   0  179.6   16
1159 113   0  183.0   17
1160 114   1  119.8    7
1161 114   1  125.3    8
1162 114   1  132.3    9
1163 114   1  138.0   10
1164 114   1  146.8   11
1165 114   1  155.0   12
1166 114   1  158.2   13
1167 114   1  159.5   14
1168 114   1  160.0   15
1169 114   1  160.2   16
1170 114   1  160.3   17
1171 114   1  160.8   18
1172 115   0  135.7    7
1173 115   0  142.0    8
1174 115   0  148.5    9
1175 115   0  154.0   10
1176 115   0  159.8   11
1177 115   0  166.0   12
1178 115   0  174.3   13
1179 115   0  185.0   14
1180 115   0  190.6   15
1181 115   0  193.9   16
1182 115   0  195.0   17
1183 115   0  197.5   18
1184 116   1  125.6    7
1185 116   1  132.3    8
1186 116   1  139.1    9
1187 116   1  146.6   10
1188 116   1  155.3   11
1189 116   1  165.6   12
1190 116   1  173.0   13
1191 116   1  176.0   14
1192 116   1  177.1   15
1193 116   1  178.7   16
1194 116   1  179.5   17
1195 117   1  131.8    8
1196 117   1  138.0    9
1197 117   1  144.0   10
1198 117   1  150.3   11
1199 117   1  157.5   12
1200 117   1  162.1   13
1201 117   1  164.9   14
1202 117   1  165.7   15
1203 117   1  165.8   16
1204 117   1  165.8   17
1205 117   1  166.6   18
1206 118   0  120.2    7
1207 118   0  126.6    8
1208 118   0  131.7    9
1209 118   0  137.3   10
1210 118   0  142.6   11
1211 118   0  146.8   12
1212 118   0  152.3   13
1213 118   0  160.0   14
1214 118   0  169.5   15
1215 118   0  174.1   16
1216 118   0  174.5   17
1217 118   0  175.0   18
1218 119   1  113.4    7
1219 119   1  117.6    8
1220 119   1  122.6    9
1221 119   1  126.8   10
1222 119   1  131.7   11
1223 119   1  138.5   12
1224 119   1  146.3   13
1225 119   1  150.9   14
1226 119   1  152.2   15
1227 119   1  152.6   16
1228 119   1  153.4   17
1229 119   1  153.0   18
1230 120   0  122.0    7
1231 120   0  129.0    8
1232 120   0  134.0    9
1233 120   0  140.2   10
1234 120   0  143.6   11
1235 120   0  147.8   12
1236 120   0  153.4   13
1237 120   0  160.6   14
1238 120   0  169.0   15
1239 120   0  174.4   16
1240 120   0  176.2   17
1241 120   0  177.5   18
1242 121   1  122.4    7
1243 121   1  127.7    8
1244 121   1  134.4    9
1245 121   1  138.7   10
1246 121   1  144.0   11
1247 121   1  153.2   12
1248 121   1  161.0   13
1249 121   1  163.7   14
1250 121   1  165.0   15
1251 121   1  165.7   16
1252 121   1  166.2   17
1253 121   1  166.6   18
1254 122   1  126.4    7
1255 122   1  132.4    8
1256 122   1  137.2    9
1257 122   1  143.0   10
1258 122   1  149.5   11
1259 122   1  158.3   12
1260 122   1  161.9   13
1261 122   1  163.5   14
1262 122   1  163.7   15
1263 122   1  164.2   16
1264 122   1  164.5   17
1265 122   1  164.5   18
1266 123   0  128.0    7
1267 123   0  133.8    8
1268 123   0  141.2    9
1269 123   0  148.3   10
1270 123   0  153.5   11
1271 123   0  159.7   12
1272 123   0  166.3   13
1273 123   0  176.4   14
1274 123   0  185.6   15
1275 123   0  188.7   16
1276 123   0  192.6   17
1277 123   0  193.2   18
1278 124   1  124.5    7
1279 124   1  130.1    8
1280 124   1  135.8    9
1281 124   1  139.0   10
1282 124   1  144.9   11
1283 124   1  150.9   12
1284 124   1  159.2   13
1285 124   1  165.9   14
1286 124   1  168.4   15
1287 124   1  170.0   16
1288 124   1  170.8   17
1289 124   1  171.4   18
1290 125   1  125.2    7
1291 125   1  130.9    8
1292 125   1  137.0    9
1293 125   1  143.4   10
1294 125   1  149.4   11
1295 125   1  157.4   12
1296 125   1  162.5   13
1297 125   1  165.3   14
1298 125   1  166.8   15
1299 125   1  167.4   16
1300 125   1  168.5   17
1301 125   1  167.0   18
1302 126   1  127.6    7
1303 126   1  133.1    8
1304 126   1  139.6    9
1305 126   1  147.0   10
1306 126   1  155.9   11
1307 126   1  164.1   12
1308 126   1  167.2   13
1309 126   1  169.5   14
1310 126   1  170.3   15
1311 126   1  170.5   16
1312 126   1  170.7   17
1313 126   1  171.1   18
1314 127   0  134.6    8
1315 127   0  142.7    9
1316 127   0  149.7   10
1317 127   0  153.7   11
1318 127   0  163.8   12
1319 127   0  175.3   13
1320 127   0  182.5   14
1321 127   0  186.5   15
1322 127   0  188.7   16
1323 127   0  189.5   17
1324 128   1  121.4    7
1325 128   1  126.1    8
1326 128   1  131.1    9
1327 128   1  137.0   10
1328 128   1  143.7   11
1329 128   1  150.4   12
1330 128   1  155.8   13
1331 128   1  157.8   14
1332 128   1  159.4   15
1333 128   1  159.2   16
1334 128   1  159.4   17
1335 128   1  160.4   18
1336 129   1  123.2    7
1337 129   1  129.1    8
1338 129   1  136.0    9
1339 129   1  145.0   10
1340 129   1  152.1   11
1341 129   1  158.0   12
1342 129   1  159.9   13
1343 129   1  161.4   14
1344 129   1  162.0   15
1345 129   1  161.8   16
1346 129   1  162.7   17
1347 129   1  162.7   18
1348 130   0  117.2    7
1349 130   0  122.3    8
1350 130   0  128.5    9
1351 130   0  131.8   10
1352 130   0  136.4   11
1353 130   0  141.4   12
1354 130   0  148.0   13
1355 130   0  159.7   14
1356 130   0  169.0   15
1357 130   0  172.1   16
1358 130   0  172.9   17
1359 131   1  133.9    8
1360 131   1  139.6    9
1361 131   1  145.8   10
1362 131   1  153.0   11
1363 131   1  162.0   12
1364 131   1  166.2   13
1365 131   1  168.7   14
1366 131   1  169.7   15
1367 131   1  170.3   16
1368 131   1  170.0   17
1369 131   1  169.6   18
1370 132   0  121.8    7
1371 132   0  127.6    8
1372 132   0  133.9    9
1373 132   0  140.0   10
1374 132   0  144.2   11
1375 132   0  152.1   12
1376 132   0  164.1   13
1377 132   0  172.3   14
1378 132   0  176.0   15
1379 132   0  177.6   16
1380 132   0  178.8   17
1381 132   0  178.8   18
1382 133   0  134.7    7
1383 133   0  142.3    8
1384 133   0  148.5    9
1385 133   0  154.4   10
1386 133   0  161.0   11
1387 133   0  168.6   12
1388 133   0  178.5   13
1389 133   0  184.5   14
1390 133   0  186.6   15
1391 133   0  187.5   16
1392 133   0  187.8   17
1393 134   1  129.5    7
1394 134   1  135.1    8
1395 134   1  139.5    9
1396 134   1  144.5   10
1397 134   1  151.7   11
1398 134   1  161.0   12
1399 134   1  167.3   13
1400 134   1  170.0   14
1401 134   1  171.0   15
1402 134   1  172.7   16
1403 134   1  172.7   17
1404 134   1  172.6   18