"id" "day" "Dose" "LOGTV"
"1" 1 -14 0 2.24601474150565
"2" 1 -12 0 3.28573551234557
"3" 1 -9 0 3.36683634425098
"4" 1 -6 0 4.28319996773544
"5" 1 -2 0 4.52053597555778
"6" 1 0 0 4.87704345337346
"7" 1 2 0 5.30133763239721
"8" 1 5 0 5.38586703722391
"9" 1 7 0 5.40627551530758
"10" 1 9 0 5.85793315448346
"11" 1 12 0 6.09343877769796
"12" 1 14 0 6.48599865677074
"13" 1 16 0 6.60909608635219
"14" 1 20 0 6.94199212868569
"15" 1 23 0 7.13315954853787
"16" 1 26 0 7.3310508631017
"17" 1 28 0 7.59796452967859
"18" 2 -14 0 3.19999789158565
"19" 2 -12 0 3.44377628583231
"20" 2 -9 0 4.05197394799456
"21" 2 -6 0 4.4065571150909
"22" 2 -2 0 4.6601716101568
"23" 2 0 0 5.09169471883447
"24" 2 2 0 5.82762909350718
"25" 2 5 0 5.50434965420185
"26" 2 7 0 6.00089842418995
"27" 2 9 0 6.21645850518921
"28" 2 12 0 6.80484081974625
"29" 2 14 0 7.15226808720402
"30" 2 16 0 7.18358446473635
"31" 2 20 0 7.41303848190849
"32" 2 23 0 7.64881685719211
"33" 2 26 0 7.89939798418686
"34" 2 28 0 7.89939798418686
"35" 3 -14 0 2.67753785018332
"36" 3 -12 0 2.54702078469888
"37" 3 -9 0 3.28573551234557
"38" 3 -6 0 3.77849161280362
"39" 3 -2 0 4.05197394799456
"40" 3 0 0 3.89393317450782
"41" 3 2 0 4.19493921770104
"42" 3 5 0 4.52053597555778
"43" 3 7 0 4.59197804904167
"44" 3 9 0 5.04084239132095
"45" 3 12 0 5.32292073857536
"46" 3 14 0 5.57843878719622
"47" 3 16 0 5.73286074107488
"48" 3 20 0 6.20460073592854
"49" 3 23 0 6.28570156783395
"50" 3 26 0 6.48599865677074
"51" 3 28 0 6.59997751723762
"52" 4 -14 0 2.90876386992421
"53" 4 -12 0 3.5867415555388
"54" 4 -9 0 3.89393317450782
"55" 4 -6 0 4.44552034469579
"56" 4 -2 0 4.81821238364354
"57" 4 0 0 4.98820541160405
"58" 4 2 0 5.25721680458777
"59" 4 5 0 5.6490400534832
"60" 4 7 0 5.59640307376629
"61" 4 9 0 6.11886311516862
"62" 4 12 0 6.28570156783395
"63" 4 14 0 6.4459962861475
"64" 4 16 0 6.65387553107672
"65" 4 20 0 7.01309548702757
"66" 4 23 0 7.39699554823337
"67" 4 26 0 7.32542233867387
"68" 4 28 0 7.60265936919198
"69" 5 -14 0 2.54702078469888
"70" 5 -12 0 3.19999789158565
"71" 5 -9 0 3.44377628583231
"72" 5 -6 0 3.83732268253355
"73" 5 -2 0 4.32545628318549
"74" 5 0 0 4.6601716101568
"75" 5 2 0 4.75697939186316
"76" 5 5 0 5.16487996508862
"77" 5 7 0 4.96117765335003
"78" 5 9 0 5.5602567463977
"79" 5 12 0 5.73286074107488
"80" 5 14 0 5.90227135784578
"81" 5 16 0 6.3191602041054
"82" 5 20 0 6.80484081974625
"83" 5 23 0 7.60733956019635
"84" 5 26 0 7.23236925229469
"85" 5 28 0 7.4341655917311
"86" 6 -14 0 3.51696153208646
"87" 6 -12 0 3.44377628583231
"88" 6 -9 0 4.32545628318549
"89" 6 -6 0 4.72539927806641
"90" 6 -2 0 5.11648867176129
"91" 6 0 0 5.42641004580579
"92" 6 2 0 5.7164671352766
"93" 6 5 0 6.18060022390888
"94" 6 7 0 6.23989648204383
"95" 6 9 0 6.61815955803614
"96" 6 12 0 6.85196511409631
"97" 6 14 0 7.06764695328388
"98" 6 16 0 7.20206519131841
"99" 6 20 0 7.7917821268986
"100" 6 23 0 8.12070114524967
"101" 6 26 0 8.16967176200467
"102" 6 28 0 8.27807805503892
"103" 7 -14 0 3.19999789158565
"104" 7 -12 0 3.10906095886099
"105" 7 -9 0 3.94848464076413
"106" 7 -6 0 4.19493921770104
"107" 7 -2 0 4.69313997023496
"108" 7 0 0 4.9056157458295
"109" 7 2 0 4.96117765335003
"110" 7 5 0 5.18850250054083
"111" 7 7 0 5.30133763239721
"112" 7 9 0 5.50434965420185
"113" 7 12 0 5.68313243009953
"114" 7 14 0 5.87285865076321
"115" 7 16 0 5.94533651666942
"116" 7 20 0 6.28570156783395
"117" 7 23 0 6.4459962861475
"118" 7 26 0 6.11886311516862
"119" 7 28 0 6.7968408007832
"120" 8 -14 0 2.67753785018332
"121" 8 -12 0 2.79760191169363
"122" 8 -9 0 3.28573551234557
"123" 8 -6 0 3.83732268253355
"124" 8 -2 0 4.36655474446766
"125" 8 0 0 3.83732268253355
"126" 8 2 0 4.69313997023496
"127" 8 5 0 5.21175878034478
"128" 8 7 0 5.14087945306896
"129" 8 9 0 6.00089842418995
"130" 8 12 0 5.94533651666942
"131" 8 14 0 6.14386369389643
"132" 8 16 0 6.22822327138075
"133" 8 20 0 6.53454658352378
"134" 8 23 0 7.26207319323896
"135" 8 26 0 6.93469284420893
"136" 8 28 0 7.13955614671756
"137" 9 -14 0 2.40405551499239
"138" 9 -12 0 2.40405551499239
"139" 9 -9 0 2.90876386992421
"140" 9 -6 0 3.10906095886099
"141" 9 -2 0 3.5867415555388
"142" 9 0 0 3.65341919939505
"143" 9 2 0 4.00112162048103
"144" 9 5 0 4.44552034469579
"145" 9 7 0 3.94848464076413
"146" 9 9 0 5.11648867176129
"147" 9 12 0 5.0664840413599
"148" 9 14 0 5.6141547602368
"149" 9 16 0 5.87285865076321
"150" 9 20 0 5.54185160750998
"151" 9 23 0 5.78099321290213
"152" 9 26 0 5.91676422421338
"153" 9 28 0 6.10620481219982
"154" 10 -14 0 2.67753785018332
"155" 10 -12 0 3.01225317715464
"156" 10 -9 0 3.28573551234557
"157" 10 -6 0 3.77849161280362
"158" 10 -2 0 3.89393317450782
"159" 10 0 0 4.36655474446766
"160" 10 2 0 4.52053597555778
"161" 10 5 0 4.52053597555778
"162" 10 7 0 4.69313997023496
"163" 10 9 0 5.21175878034478
"164" 10 12 0 5.93111840073761
"165" 10 14 0 5.7164671352766
"166" 10 16 0 6.29693757542769
"167" 10 20 0 6.39444482089118
"168" 10 23 0 6.51531555088019
"169" 10 26 0 6.72285320093945
"170" 10 28 0 6.64502594788593
"171" 11 -14 0 3.36683634425098
"172" 11 -12 0 3.65341919939505
"173" 11 -9 0 4.00112162048103
"174" 11 -6 0 4.19493921770104
"175" 11 -2 0 4.81821238364354
"176" 11 0 0 5.01475477725315
"177" 11 2 0 5.6490400534832
"178" 11 5 0 5.85793315448346
"179" 11 7 0 5.94533651666942
"180" 11 9 0 6.22822327138075
"181" 11 12 0 6.47609763072371
"182" 11 14 0 6.60909608635219
"183" 11 16 0 6.76440710476345
"184" 11 20 0 7.09419631893298
"185" 11 23 0 7.28541996805063
"186" 11 26 0 7.39699554823337
"187" 11 28 0 7.50585158748562
"188" 12 -14 0 2.79760191169363
"189" 12 -12 0 2.79760191169363
"190" 12 -9 0 3.01225317715464
"191" 12 -6 0 3.36683634425098
"192" 12 -2 0 3.94848464076413
"193" 12 0 0 4.00112162048103
"194" 12 2 0 4.55668230292637
"195" 12 5 0 4.59197804904167
"196" 12 7 0 4.75697939186316
"197" 12 9 0 4.87704345337346
"198" 12 12 0 5.18850250054083
"199" 12 14 0 5.40627551530758
"200" 12 16 0 5.09169471883447
"201" 12 20 0 5.66618309721863
"202" 12 23 0 5.79670016270308
"203" 12 26 0 5.59640307376629
"204" 12 28 0 5.52321782751214
"205" 13 -14 0 2.90876386992421
"206" 13 -12 0 3.51696153208646
"207" 13 -9 0 3.5867415555388
"208" 13 -6 0 4.69313997023496
"209" 13 -2 0 4.84791632458781
"210" 13 0 0 5.18850250054083
"211" 13 2 0 5.5602567463977
"212" 13 5 0 5.52321782751214
"213" 13 7 0 5.6490400534832
"214" 13 9 0 5.93111840073761
"215" 13 12 0 6.43582675566943
"216" 13 14 0 6.45609733441951
"217" 13 16 0 6.73961315183664
"218" 13 20 0 6.9991418980341
"219" 13 23 0 7.26794404222067
"220" 13 26 0 7.2502621085926
"221" 13 28 0 7.39160954603728
"222" 14 -14 0 3.28573551234557
"223" 14 -12 0 3.28573551234557
"224" 14 -9 0 3.5867415555388
"225" 14 -6 0 4.28319996773544
"226" 14 -2 0 5.09169471883447
"227" 14 0 0 5.6141547602368
"228" 14 2 0 5.73286074107488
"229" 14 5 0 6.22822327138075
"230" 14 7 0 6.21645850518921
"231" 14 9 0 6.74792342240006
"232" 14 12 0 6.82858801757127
"233" 14 14 0 7.11380444128401
"234" 14 16 0 7.2502621085926
"235" 14 20 0 7.49581810525943
"236" 14 23 0 7.50084323558735
"237" 14 26 0 7.62129314918982
"238" 14 28 0 7.55503632172011
"239" 15 -14 0 3.10906095886099
"240" 15 -12 0 3.36683634425098
"241" 15 -9 0 3.51696153208646
"242" 15 -6 0 4.10115868222904
"243" 15 -2 0 5.04084239132095
"244" 15 0 0 5.23465998854096
"245" 15 2 0 5.57843878719622
"246" 15 5 0 5.78099321290213
"247" 15 7 0 5.66618309721863
"248" 15 9 0 6.28570156783395
"249" 15 12 0 6.48599865677074
"250" 15 14 0 6.55353417883167
"251" 15 16 0 6.6714195907215
"252" 15 20 0 6.84421315885865
"253" 15 23 0 7.07432847880795
"254" 15 26 0 7.41834822196618
"255" 15 28 0 7.44981790766997
"256" 16 -14 0 3.28573551234557
"257" 16 -12 0 3.19999789158565
"258" 16 -9 0 3.83732268253355
"259" 16 -6 0 4.19493921770104
"260" 16 -2 0 4.87704345337346
"261" 16 0 0 4.96117765335003
"262" 16 2 0 4.98820541160405
"263" 16 5 0 5.48524111553571
"264" 16 7 0 5.32292073857536
"265" 16 9 0 5.82762909350718
"266" 16 12 0 5.95942112719418
"267" 16 14 0 5.95942112719418
"268" 16 16 0 6.15620944260121
"269" 16 20 0 6.21645850518921
"270" 16 23 0 6.21645850518921
"271" 16 26 0 6.78071161311881
"272" 16 28 0 6.78879788607112
"273" 17 -14 0 2.79760191169363
"274" 17 -12 0 3.36683634425098
"275" 17 -9 0 4.55668230292637
"276" 17 -6 0 5.25721680458777
"277" 17 -2 0 5.5602567463977
"278" 17 0 0 5.98719969884504
"279" 17 2 0 6.33014926424351
"280" 17 5 0 6.05447554809307
"281" 17 7 0 6.72285320093945
"282" 17 9 0 7.30840892376797
"283" 17 12 0 7.52571942761065
"284" 17 14 0 7.52571942761065
"285" 17 16 0 7.57903683373977
"286" 17 20 0 7.887814915046
"287" 17 23 0 7.887814915046
"288" 17 26 0 8.5874814113594
"289" 17 28 0 8.75738761115283
"290" 18 -14 0 2.90876386992421
"291" 18 -12 0 3.01225317715464
"292" 18 -9 0 3.36683634425098
"293" 18 -6 0 3.94848464076413
"294" 18 -2 0 4.62646232637871
"295" 18 0 0 5.0664840413599
"296" 18 2 0 5.34419769106329
"297" 18 5 0 5.85793315448346
"298" 18 7 0 5.54185160750998
"299" 18 9 0 5.34419769106329
"300" 18 12 0 6.60909608635219
"301" 18 14 0 6.60909608635219
"302" 18 16 0 6.98505728750934
"303" 18 20 0 7.16487320339859
"304" 18 23 0 7.16487320339859
"305" 18 26 0 8.2077287716177
"306" 18 28 0 8.28701551941436
"307" 19 -14 0 4.00112162048103
"308" 19 -12 0 3.44377628583231
"309" 19 -9 0 3.94848464076413
"310" 19 -6 0 4.19493921770104
"311" 19 -2 0 4.75697939186316
"312" 19 0 0 5.11648867176129
"313" 19 2 0 5.21175878034478
"314" 19 5 0 5.68313243009953
"315" 19 7 0 5.44627788593082
"316" 19 9 0 5.90227135784578
"317" 19 12 0 6.13141548967439
"318" 19 14 0 6.13141548967439
"319" 19 16 0 6.41527848913218
"320" 19 20 0 6.46613081664571
"321" 19 23 0 6.46613081664571
"322" 19 26 0 6.64502594788593
"323" 19 28 0 6.96367925344854
"324" 20 -14 0 3.77849161280362
"325" 20 -12 0 4.14878172970091
"326" 20 -9 0 5.0664840413599
"327" 20 -6 0 5.54185160750998
"328" 20 -2 0 6.08056316216087
"329" 20 0 0 6.20460073592854
"330" 20 2 0 6.47609763072371
"331" 20 5 0 6.85196511409631
"332" 20 7 0 6.75618790611652
"333" 20 9 0 6.90513523758994
"334" 20 12 0 7.09419631893298
"335" 20 14 0 7.09419631893298
"336" 20 16 0 7.3141015302208
"337" 20 20 0 7.57903683373977
"338" 20 23 0 7.57903683373977
"339" 20 26 0 8.16645632668979
"340" 20 28 0 8.29590004686905
"341" 21 -14 0 3.10906095886099
"342" 21 -12 0 2.79760191169363
"343" 21 -9 0 4.05197394799456
"344" 21 -6 0 4.14878172970091
"345" 21 -2 0 4.98820541160405
"346" 21 0 0 5.52321782751214
"347" 21 2 0 5.5602567463977
"348" 21 5 0 6.05447554809307
"349" 21 7 0 6.09343877769796
"350" 21 9 0 6.56293859835206
"351" 21 12 0 6.75618790611652
"352" 21 14 0 6.75618790611652
"353" 21 16 0 6.7968408007832
"354" 21 20 0 7.15858388600853
"355" 21 23 0 7.15858388600853
"356" 21 26 0 7.98897683623929
"357" 21 28 0 8.22330523557627
"358" 22 -14 0 3.28573551234557
"359" 22 -12 0 3.51696153208646
"360" 22 -9 0 4.48349705667223
"361" 22 -6 0 4.9056157458295
"362" 22 -2 0 5.04084239132095
"363" 22 0 0 5.40627551530758
"364" 22 2 0 5.78099321290213
"365" 22 5 0 6.18060022390888
"366" 22 7 0 6.13141548967439
"367" 22 9 0 6.56293859835206
"368" 22 12 0 6.68876082432312
"369" 22 14 0 6.68876082432312
"370" 22 16 0 6.97796507571542
"371" 22 20 0 7.01309548702757
"372" 22 23 0 7.01309548702757
"373" 22 26 0 7.72848159516303
"374" 22 28 0 7.79590867695643
"375" 23 -14 3 2.90876386992421
"376" 23 -12 3 3.28573551234557
"377" 23 -9 3 3.83732268253355
"378" 23 -6 3 3.71725862102324
"379" 23 -2 3 4.23971866242556
"380" 23 0 3 4.44552034469579
"381" 23 2 3 4.87704345337346
"382" 23 5 3 5.27943943326548
"383" 23 7 3 5.48524111553571
"384" 23 9 3 6.05447554809307
"385" 23 12 3 6.15620944260121
"386" 23 14 3 6.50560677912177
"387" 23 16 3 6.57228442297802
"388" 23 20 3 6.85967721334694
"389" 23 23 3 7.12028393300079
"390" 23 26 3 7.41834822196618
"391" 23 28 3 7.54532754996168
"392" 24 -14 3 2.54702078469888
"393" 24 -12 3 2.54702078469888
"394" 24 -9 3 2.79760191169363
"395" 24 -6 3 3.83732268253355
"396" 24 -2 3 3.94848464076413
"397" 24 0 3 4.00112162048103
"398" 24 2 3 4.96117765335003
"399" 24 5 3 5.27943943326548
"400" 24 7 3 4.52053597555778
"401" 24 9 3 5.04084239132095
"402" 24 12 3 5.48524111553571
"403" 24 14 3 5.97337471618765
"404" 24 16 3 6.28570156783395
"405" 24 20 3 6.87498346860831
"406" 24 23 3 7.18358446473635
"407" 24 26 3 7.15226808720402
"408" 24 28 3 7.3310508631017
"409" 25 -14 3 3.10906095886099
"410" 25 -12 3 3.36683634425098
"411" 25 -9 3 3.65341919939505
"412" 25 -6 3 4.55668230292637
"413" 25 -2 3 5.01475477725315
"414" 25 0 3 5.27943943326548
"415" 25 2 3 5.46588600828185
"416" 25 5 3 6.00089842418995
"417" 25 7 3 5.42641004580579
"418" 25 9 3 6.13141548967439
"419" 25 12 3 5.8122443432564
"420" 25 14 3 6.10620481219982
"421" 25 16 3 6.34105840323713
"422" 25 20 3 6.59997751723762
"423" 25 23 3 6.7725815119148
"424" 25 26 3 6.92735786626765
"425" 25 28 3 6.98505728750934
"426" 26 -14 3 2.79760191169363
"427" 26 -12 3 2.79760191169363
"428" 26 -9 3 3.51696153208646
"429" 26 -6 3 4.62646232637871
"430" 26 -2 3 5.09169471883447
"431" 26 0 3 5.21175878034478
"432" 26 2 3 5.0664840413599
"433" 26 5 3 5.6141547602368
"434" 26 7 3 5.44627788593082
"435" 26 9 3 5.79670016270308
"436" 26 12 3 6.00089842418995
"437" 26 14 3 6.41527848913218
"438" 26 16 3 6.71440247436207
"439" 26 20 3 7.14592558303974
"440" 26 23 3 7.51581840156363
"441" 26 26 3 7.6980015914266
"442" 26 28 3 7.66239161047199
"443" 27 -14 3 2.67753785018332
"444" 27 -12 3 2.67753785018332
"445" 27 -9 3 2.90876386992421
"446" 27 -6 3 3.51696153208646
"447" 27 -2 3 4.28319996773544
"448" 27 0 3 4.36655474446766
"449" 27 2 3 4.72539927806641
"450" 27 5 3 5.36517705402541
"451" 27 7 3 5.16487996508862
"452" 27 9 3 5.18850250054083
"453" 27 12 3 5.6141547602368
"454" 27 14 3 5.76512004890633
"455" 27 16 3 5.93111840073761
"456" 27 20 3 6.15620944260121
"457" 27 23 3 6.38391846190321
"458" 27 26 3 6.92735786626765
"459" 27 28 3 6.68011526724799
"460" 28 -14 3 3.01225317715464
"461" 28 -12 3 3.01225317715464
"462" 28 -9 3 3.65341919939505
"463" 28 -6 3 4.05197394799456
"464" 28 -2 3 4.52053597555778
"465" 28 0 3 4.75697939186316
"466" 28 2 3 4.69313997023496
"467" 28 5 3 5.14087945306896
"468" 28 7 3 4.36655474446766
"469" 28 9 3 5.09169471883447
"470" 28 12 3 5.32292073857536
"471" 28 14 3 5.6490400534832
"472" 28 16 3 5.54185160750998
"473" 28 20 3 5.79670016270308
"474" 28 23 3 6.05447554809307
"475" 28 26 3 5.95942112719418
"476" 28 28 3 6.29693757542769
"477" 29 -14 3 2.40405551499239
"478" 29 -12 3 1.86904309908429
"479" 29 -9 3 3.19999789158565
"480" 29 -6 3 3.28573551234557
"481" 29 -2 3 3.83732268253355
"482" 29 0 3 3.5867415555388
"483" 29 2 3 4.14878172970091
"484" 29 5 3 4.52053597555778
"485" 29 7 3 4.4065571150909
"486" 29 9 3 4.6601716101568
"487" 29 12 3 5.04084239132095
"488" 29 14 3 5.27943943326548
"489" 29 16 3 5.21175878034478
"490" 29 20 3 5.34419769106329
"491" 29 23 3 5.90227135784578
"492" 29 26 3 6.0675760680462
"493" 29 28 3 6.46613081664571
"494" 30 -14 3 2.90876386992421
"495" 30 -12 3 3.19999789158565
"496" 30 -9 3 4.28319996773544
"497" 30 -6 3 4.48349705667223
"498" 30 -2 3 4.6601716101568
"499" 30 0 3 5.18850250054083
"500" 30 2 3 5.0664840413599
"501" 30 5 3 5.57843878719622
"502" 30 7 3 5.34419769106329
"503" 30 9 3 5.7164671352766
"504" 30 12 3 5.88763709542773
"505" 30 14 3 6.19264848145477
"506" 30 16 3 6.35188877519736
"507" 30 20 3 6.78071161311881
"508" 30 23 3 7.14592558303974
"509" 30 26 3 7.2203209947488
"510" 30 28 3 7.36438556827876
"511" 31 -14 5 3.36683634425098
"512" 31 -12 5 3.89393317450782
"513" 31 -9 5 4.23971866242556
"514" 31 -6 5 4.48349705667223
"515" 31 -2 5 4.9056157458295
"516" 31 0 5 5.18850250054083
"517" 31 2 5 5.69989238099672
"518" 31 5 5 5.44627788593082
"519" 31 7 5 5.25721680458777
"520" 31 9 5 5.04084239132095
"521" 31 12 5 5.42641004580579
"522" 31 14 5 5.48524111553571
"523" 31 16 5 5.87285865076321
"524" 31 20 5 6.35188877519736
"525" 31 23 5 6.48599865677074
"526" 31 26 5 6.11886311516862
"527" 31 28 5 6.5815723783499
"528" 31 30 5 6.22822327138075
"529" 31 33 5 7.29120032202461
"530" 32 -14 5 2.79760191169363
"531" 32 -12 5 3.36683634425098
"532" 32 -9 5 3.44377628583231
"533" 32 -6 5 4.28319996773544
"534" 32 -2 5 4.48349705667223
"535" 32 0 5 4.75697939186316
"536" 32 2 5 5.36517705402541
"537" 32 5 5 5.30133763239721
"538" 32 7 5 4.98820541160405
"539" 32 9 5 5.14087945306896
"540" 32 12 5 5.14087945306896
"541" 32 14 5 5.46588600828185
"542" 32 16 5 5.44627788593082
"543" 32 20 5 6.08056316216087
"544" 32 23 5 6.39444482089118
"545" 32 26 5 6.21645850518921
"546" 32 28 5 6.63612384460621
"547" 32 30 5 6.919986844064
"548" 32 33 5 7.20817517939987
"549" 33 -14 5 2.24601474150565
"550" 33 -12 5 2.67753785018332
"551" 33 -9 5 3.44377628583231
"552" 33 -6 5 3.19999789158565
"553" 33 -2 5 4.10115868222904
"554" 33 0 5 4.69313997023496
"555" 33 2 5 4.93365394534773
"556" 33 5 5 5.09169471883447
"557" 33 7 5 4.75697939186316
"558" 33 9 5 5.27943943326548
"559" 33 12 5 5.23465998854096
"560" 33 14 5 5.69989238099672
"561" 33 16 5 5.76512004890633
"562" 33 20 5 6.30809004315897
"563" 33 23 5 6.46613081664571
"564" 33 26 5 6.52496188637563
"565" 33 28 5 6.85967721334694
"566" 33 30 5 7.20206519131841
"567" 33 33 5 7.28541996805063
"568" 34 -14 5 1.6378170793434
"569" 34 -12 5 3.10906095886099
"570" 34 -9 5 3.10906095886099
"571" 34 -6 5 3.65341919939505
"572" 34 -2 5 4.32545628318549
"573" 34 0 5 4.59197804904167
"574" 34 2 5 4.69313997023496
"575" 34 5 5 5.14087945306896
"576" 34 7 5 4.98820541160405
"577" 34 9 5 5.21175878034478
"578" 34 12 5 5.40627551530758
"579" 34 14 5 5.59640307376629
"580" 34 16 5 5.6141547602368
"581" 34 20 5 5.88763709542773
"582" 34 23 5 6.15620944260121
"583" 34 26 5 6.10620481219982
"584" 34 28 5 6.43582675566943
"585" 34 30 5 6.34105840323713
"586" 34 33 5 6.78071161311881
"587" 35 -14 5 2.79760191169363
"588" 35 -12 5 3.01225317715464
"589" 35 -9 5 3.19999789158565
"590" 35 -6 5 3.5867415555388
"591" 35 -2 5 4.62646232637871
"592" 35 0 5 4.87704345337346
"593" 35 2 5 5.0664840413599
"594" 35 5 5 4.96117765335003
"595" 35 7 5 5.09169471883447
"596" 35 9 5 5.21175878034478
"597" 35 12 5 5.11648867176129
"598" 35 14 5 5.6141547602368
"599" 35 16 5 5.85793315448346
"600" 35 20 5 6.42558780806383
"601" 35 23 5 6.61815955803614
"602" 35 26 5 6.78879788607112
"603" 35 28 5 6.93469284420893
"604" 35 30 5 7.23236925229469
"605" 35 33 5 7.52077708376538
"606" 36 -14 5 2.24601474150565
"607" 36 -12 5 2.40405551499239
"608" 36 -9 5 2.79760191169363
"609" 36 -6 5 3.19999789158565
"610" 36 -2 5 4.10115868222904
"611" 36 0 5 4.4065571150909
"612" 36 2 5 4.62646232637871
"613" 36 5 5 4.72539927806641
"614" 36 7 5 4.14878172970091
"615" 36 9 5 4.84791632458781
"616" 36 12 5 4.81821238364354
"617" 36 14 5 5.32292073857536
"618" 36 16 5 5.54185160750998
"619" 36 20 5 5.46588600828185
"620" 36 23 5 5.74907711523121
"621" 36 26 5 5.91676422421338
"622" 36 28 5 5.97337471618765
"623" 36 30 5 6.14386369389643
"624" 36 33 5 6.35188877519736
"625" 37 -14 5 3.28573551234557
"626" 37 -12 5 3.5867415555388
"627" 37 -9 5 4.32545628318549
"628" 37 -6 5 4.4065571150909
"629" 37 -2 5 4.69313997023496
"630" 37 0 5 4.87704345337346
"631" 37 2 5 4.87704345337346
"632" 37 5 5 4.84791632458781
"633" 37 7 5 4.87704345337346
"634" 37 9 5 5.11648867176129
"635" 37 12 5 5.30133763239721
"636" 37 14 5 5.6490400534832
"637" 37 16 5 5.68313243009953
"638" 37 20 5 5.98719969884504
"639" 37 23 5 6.36264150941528
"640" 37 26 5 6.45609733441951
"641" 37 28 5 6.46613081664571
"642" 37 30 5 6.8673498643471
"643" 37 33 5 7.25617927602913
"644" 38 -14 10 2.67753785018332
"645" 38 -12 10 2.79760191169363
"646" 38 -9 10 3.51696153208646
"647" 38 -6 10 4.00112162048103
"648" 38 -2 10 4.52053597555778
"649" 38 0 10 4.52053597555778
"650" 38 2 10 4.87704345337346
"651" 38 5 10 4.32545628318549
"652" 38 7 10 4.23971866242556
"653" 38 9 10 4.19493921770104
"654" 38 12 10 4.72539927806641
"655" 38 14 10 4.62646232637871
"656" 38 16 10 5.14087945306896
"657" 38 20 10 5.18850250054083
"658" 38 23 10 4.98820541160405
"659" 38 26 10 4.96117765335003
"660" 38 28 10 5.0664840413599
"661" 38 30 10 5.14087945306896
"662" 38 33 10 5.46588600828185
"663" 38 35 10 5.8122443432564
"664" 38 37 10 5.74907711523121
"665" 38 40 10 5.8122443432564
"666" 38 42 10 6.34105840323713
"667" 39 -14 10 2.40405551499239
"668" 39 -12 10 3.51696153208646
"669" 39 -9 10 4.00112162048103
"670" 39 -6 10 4.72539927806641
"671" 39 -2 10 5.66618309721863
"672" 39 0 10 5.97337471618765
"673" 39 2 10 6.01447317746982
"674" 39 5 10 5.85793315448346
"675" 39 7 10 5.52321782751214
"676" 39 9 10 5.85793315448346
"677" 39 12 10 5.97337471618765
"678" 39 14 10 6.15620944260121
"679" 39 16 10 6.20460073592854
"680" 39 20 10 6.37331771106857
"681" 39 23 10 6.61815955803614
"682" 39 26 10 6.70590386805855
"683" 39 28 10 6.59997751723762
"684" 39 30 10 7.13315954853787
"685" 39 33 10 7.12028393300079
"686" 39 35 10 7.3310508631017
"687" 39 37 10 7.52077708376538
"688" 39 40 10 7.48571705698741
"689" 39 42 10 7.95600847616113
"690" 40 -14 10 3.10906095886099
"691" 40 -12 10 3.51696153208646
"692" 40 -9 10 3.89393317450782
"693" 40 -6 10 4.00112162048103
"694" 40 -2 10 4.84791632458781
"695" 40 0 10 4.96117765335003
"696" 40 2 10 5.21175878034478
"697" 40 5 10 4.62646232637871
"698" 40 7 10 4.87704345337346
"699" 40 9 10 5.11648867176129
"700" 40 12 10 5.25721680458777
"701" 40 14 10 5.27943943326548
"702" 40 16 10 5.46588600828185
"703" 40 20 10 5.66618309721863
"704" 40 23 10 5.63169881988158
"705" 40 26 10 5.5602567463977
"706" 40 28 10 5.85793315448346
"707" 40 30 10 5.88763709542773
"708" 40 33 10 6.39444482089118
"709" 40 35 10 6.50560677912177
"710" 40 37 10 6.56293859835206
"711" 40 40 10 6.76440710476345
"712" 40 42 10 7.03378547022607
"713" 41 -14 10 3.01225317715464
"714" 41 -12 10 2.79760191169363
"715" 41 -9 10 3.28573551234557
"716" 41 -6 10 3.89393317450782
"717" 41 -2 10 4.10115868222904
"718" 41 0 10 4.78790832266726
"719" 41 2 10 4.84791632458781
"720" 41 5 10 4.87704345337346
"721" 41 7 10 4.05197394799456
"722" 41 9 10 4.32545628318549
"723" 41 12 10 4.75697939186316
"724" 41 14 10 4.87704345337346
"725" 41 16 10 4.96117765335003
"726" 41 20 10 5.01475477725315
"727" 41 23 10 5.54185160750998
"728" 41 26 10 5.59640307376629
"729" 41 28 10 5.74907711523121
"730" 41 30 10 5.93111840073761
"731" 41 33 10 6.14386369389643
"732" 41 35 10 6.26297386030305
"733" 41 37 10 6.43582675566943
"734" 41 40 10 6.51531555088019
"735" 41 42 10 6.89013511258806
"736" 42 -14 10 3.89393317450782
"737" 42 -12 10 3.71725862102324
"738" 42 -9 10 4.81821238364354
"739" 42 -6 10 5.21175878034478
"740" 42 -2 10 5.74907711523121
"741" 42 0 10 5.79670016270308
"742" 42 2 10 5.78099321290213
"743" 42 5 10 6.19264848145477
"744" 42 7 10 5.42641004580579
"745" 42 9 10 5.91676422421338
"746" 42 12 10 5.82762909350718
"747" 42 14 10 6.0675760680462
"748" 42 16 10 6.00089842418995
"749" 42 20 10 6.34105840323713
"750" 42 23 10 6.5815723783499
"751" 42 26 10 6.7968408007832
"752" 42 28 10 6.84421315885865
"753" 42 30 10 7.02002390581201
"754" 42 33 10 7.238357284199
"755" 42 35 10 7.41303848190849
"756" 42 37 10 7.60265936919198
"757" 42 40 10 7.73707760722651
"758" 42 42 10 7.80822064758318
"759" 43 -14 10 2.54702078469888
"760" 43 -12 10 2.24601474150565
"761" 43 -9 10 3.44377628583231
"762" 43 -6 10 3.5867415555388
"763" 43 -2 10 3.77849161280362
"764" 43 0 10 4.32545628318549
"765" 43 2 10 4.44552034469579
"766" 43 5 10 4.48349705667223
"767" 43 7 10 4.28319996773544
"768" 43 9 10 3.94848464076413
"769" 43 12 10 4.19493921770104
"770" 43 14 10 4.6601716101568
"771" 43 16 10 4.78790832266726
"772" 43 20 10 4.59197804904167
"773" 43 23 10 4.75697939186316
"774" 43 26 10 4.72539927806641
"775" 43 28 10 4.75697939186316
"776" 43 30 10 5.18850250054083
"777" 43 33 10 5.36517705402541
"778" 43 35 10 5.69989238099672
"779" 43 37 10 5.98719969884504
"780" 43 40 10 6.16845440855995
"781" 43 42 10 6.39444482089118
"782" 44 -14 10 3.10906095886099
"783" 44 -12 10 3.5867415555388
"784" 44 -9 10 4.28319996773544
"785" 44 -6 10 4.10115868222904
"786" 44 -2 10 4.55668230292637
"787" 44 0 10 4.96117765335003
"788" 44 2 10 5.27943943326548
"789" 44 5 10 5.21175878034478
"790" 44 7 10 4.96117765335003
"791" 44 9 10 5.27943943326548
"792" 44 12 10 4.87704345337346
"793" 44 14 10 5.36517705402541
"794" 44 16 10 5.6141547602368
"795" 44 20 10 5.23465998854096
"796" 44 23 10 5.27943943326548
"797" 44 26 10 5.84285765070321
"798" 44 28 10 5.94533651666942
"799" 44 30 10 6.13141548967439
"800" 44 33 10 6.54407042504177
"801" 44 35 10 6.57228442297802
"802" 44 37 10 6.5815723783499
"803" 44 40 10 6.59997751723762
"804" 44 42 10 7.08098037440975
"805" 45 -14 10 3.28573551234557
"806" 45 -12 10 3.10906095886099
"807" 45 -9 10 3.94848464076413
"808" 45 -6 10 3.94848464076413
"809" 45 -2 10 4.19493921770104
"810" 45 0 10 4.59197804904167
"811" 45 2 10 4.69313997023496
"812" 45 5 10 4.62646232637871
"813" 45 7 10 4.4065571150909
"814" 45 9 10 4.44552034469579
"815" 45 12 10 4.81821238364354
"816" 45 14 10 4.72539927806641
"817" 45 16 10 4.9056157458295
"818" 45 20 10 4.93365394534773
"819" 45 23 10 5.32292073857536
"820" 45 26 10 5.09169471883447
"821" 45 28 10 5.50434965420185
"822" 45 30 10 5.5602567463977
"823" 45 33 10 5.78099321290213
"824" 45 35 10 5.8122443432564
"825" 45 37 10 5.90227135784578
"826" 45 40 10 6.19264848145477
"827" 45 42 10 6.33014926424351
"828" 46 -14 10 2.90876386992421
"829" 46 -12 10 3.01225317715464
"830" 46 -9 10 4.14878172970091
"831" 46 -6 10 4.14878172970091
"832" 46 -2 10 5.18850250054083
"833" 46 0 10 5.27943943326548
"834" 46 2 10 5.40627551530758
"835" 46 5 10 5.7164671352766
"836" 46 7 10 5.09169471883447
"837" 46 9 10 5.59640307376629
"838" 46 12 10 5.6141547602368
"839" 46 14 10 5.84285765070321
"840" 46 16 10 5.74907711523121
"841" 46 20 10 5.87285865076321
"842" 46 23 10 6.04125960356983
"843" 46 26 10 6.19264848145477
"844" 46 28 10 6.36264150941528
"845" 46 30 10 6.49583475758998
"846" 46 33 10 6.69735683638659
"847" 46 35 10 6.8673498643471
"848" 46 37 10 6.94925606539938
"849" 46 40 10 7.00613491769282
"850" 46 42 10 7.4289116459043
